0 0.742873 0.129139 0.048501 0.042678
0 0.748241 0.168322 0.055535 0.044518
0 0.417253 0.080206 0.051833 0.035320
0 0.387819 0.059235 0.022584 0.036792
0 0.370603 0.088300 0.031840 0.033113
0 0.270826 0.137417 0.044798 0.051876
0 0.091633 0.318249 0.037394 0.046358
0 0.068678 0.442789 0.046279 0.040839
0 0.058682 0.494665 0.044798 0.042311
0 0.048501 0.586461 0.035542 0.040471
0 0.064235 0.633738 0.026287 0.044518
0 0.088856 0.671818 0.039245 0.036792
0 0.094409 0.710817 0.039245 0.038999
0 0.121622 0.617182 0.049981 0.037160
0 0.194002 0.639993 0.055535 0.045990
0 0.257127 0.492642 0.053684 0.035320
0 0.355979 0.350074 0.049981 0.055556
0 0.325805 0.280905 0.048130 0.037160
0 0.662347 0.409308 0.055535 0.064386
0 0.600148 0.451803 0.070344 0.062546
0 0.649574 0.577263 0.037394 0.047829
0 0.623843 0.577263 0.040726 0.047829
0 0.600148 0.637233 0.048130 0.047829
0 0.698815 0.610927 0.041096 0.045990
0 0.663273 0.616446 0.042577 0.060706
0 0.714365 0.656549 0.057386 0.057027
0 0.805998 0.648271 0.046649 0.051508
0 0.631248 0.708977 0.051833 0.035320
0 0.620141 0.774467 0.055535 0.042678
0 0.630322 0.810890 0.053684 0.046358
0 0.667901 0.826343 0.059237 0.062546
0 0.570900 0.872701 0.055535 0.050037
0 0.513143 0.840876 0.046649 0.048197
0 0.476675 0.854489 0.049981 0.053348
0 0.407997 0.899191 0.055535 0.058867
0 0.326731 0.835541 0.057386 0.055188
