0 0.345985 0.148978 0.182975 0.172684
0 0.473234 0.586124 0.142606 0.192692
0 0.278192 0.338191 0.168495 0.201392
0 0.596314 0.571770 0.150943 0.158765
0 0.558578 0.710744 0.197455 0.160940
0 0.895349 0.588952 0.136463 0.100913
0 0.896885 0.520226 0.121983 0.089604
0 0.912681 0.416920 0.101799 0.095259
0 0.846204 0.416920 0.102238 0.123967
0 0.850592 0.345368 0.127688 0.112223
0 0.805616 0.255111 0.119351 0.097869
0 0.788504 0.199217 0.107942 0.089604
0 0.808688 0.553284 0.096534 0.127012
0 0.742211 0.587429 0.119789 0.132666
0 0.709083 0.444324 0.179903 0.161375
0 0.633831 0.369726 0.180342 0.167029
0 0.695919 0.288169 0.101799 0.095259
0 0.615182 0.243584 0.148311 0.115702
0 0.710399 0.187690 0.078982 0.095259
0 0.687363 0.144846 0.073278 0.078295
0 0.632295 0.163332 0.101799 0.081340
0 0.645239 0.096129 0.075910 0.066986
0 0.593462 0.063071 0.075910 0.058286
0 0.578763 0.113093 0.081615 0.078295
0 0.508118 0.176381 0.171128 0.170074
0 0.480693 0.081557 0.151382 0.112658
0 0.840500 0.699217 0.136463 0.183993
0 0.762615 0.735102 0.148311 0.140931
0 0.718956 0.763810 0.142606 0.169639
0 0.613646 0.894084 0.220711 0.161375
0 0.479158 0.824054 0.154454 0.152675
0 0.430013 0.884080 0.154454 0.130057
0 0.317244 0.871248 0.090391 0.120922
0 0.243528 0.855372 0.105309 0.123967
0 0.331724 0.749456 0.130759 0.118312
0 0.378017 0.693562 0.102238 0.092649
0 0.292672 0.674859 0.076349 0.083950
0 0.336112 0.596129 0.139535 0.143976
0 0.247696 0.633319 0.084686 0.069595
0 0.230364 0.735102 0.078982 0.112223
0 0.172663 0.792301 0.113646 0.123967
0 0.168495 0.713571 0.081615 0.092649
0 0.168495 0.650500 0.110575 0.086559
0 0.230584 0.568943 0.107503 0.089604
0 0.081615 0.680513 0.081615 0.112658
0 0.153796 0.588952 0.075910 0.049587
0 0.075910 0.584819 0.099166 0.103958
0 0.240676 0.467160 0.145239 0.109613
0 0.148311 0.541757 0.070206 0.075250
0 0.061430 0.510222 0.070206 0.069595
0 0.114963 0.508699 0.061430 0.090039
0 0.152479 0.453023 0.078543 0.063941
0 0.078763 0.452806 0.075910 0.080905
0 0.155551 0.385602 0.084686 0.072640
0 0.154015 0.328186 0.081615 0.061331
0 0.156648 0.272292 0.099166 0.063506
0 0.213251 0.217921 0.159719 0.138321
