0 0.383652 0.155153 0.054492 0.059106
0 0.925626 0.371075 0.063328 0.069819
0 0.902614 0.326376 0.069588 0.077207
0 0.936487 0.596786 0.053387 0.066125
0 0.910346 0.553011 0.075479 0.068711
0 0.953240 0.489656 0.044183 0.069819
0 0.887518 0.476542 0.080633 0.085704
0 0.885309 0.689878 0.082842 0.089767
0 0.824926 0.791836 0.096834 0.104544
0 0.254234 0.182490 0.047496 0.051718
0 0.262518 0.143702 0.039028 0.036941
0 0.219256 0.159217 0.041605 0.037680
0 0.227541 0.224418 0.058910 0.055042
0 0.208395 0.195419 0.041973 0.043591
0 0.325479 0.099557 0.056701 0.063908
0 0.353093 0.083487 0.043446 0.056890
0 0.400405 0.074621 0.063697 0.067972
0 0.828976 0.217030 0.093152 0.108977
0 0.534426 0.056705 0.092415 0.058737
0 0.672496 0.261359 0.094624 0.082379
0 0.680044 0.181751 0.064801 0.077577
0 0.617820 0.196528 0.065538 0.093092
0 0.464838 0.166975 0.084315 0.087920
0 0.405560 0.292390 0.096097 0.088290
0 0.205081 0.302549 0.059647 0.060584
0 0.174153 0.264130 0.045655 0.050240
0 0.161819 0.296084 0.026141 0.044699
0 0.131811 0.289435 0.039028 0.049871
0 0.135493 0.318434 0.052283 0.022165
0 0.135493 0.346694 0.067010 0.038050
0 0.128130 0.396010 0.061119 0.061322
0 0.094072 0.381234 0.030560 0.042852
0 0.174705 0.413742 0.059278 0.059845
0 0.233800 0.397119 0.053019 0.062800
0 0.263623 0.419653 0.055965 0.050979
0 0.256627 0.468415 0.060383 0.048024
0 0.319404 0.441818 0.063697 0.073144
0 0.069219 0.524012 0.062592 0.081640
0 0.100147 0.631696 0.069956 0.087181
0 0.165501 0.640192 0.065169 0.087920
0 0.234536 0.672331 0.081738 0.090876
0 0.308174 0.744366 0.103829 0.096786
0 0.157769 0.524381 0.068115 0.073513
0 0.340574 0.510713 0.068483 0.065386
0 0.304308 0.577761 0.068115 0.069450
0 0.521907 0.569080 0.072533 0.066864
0 0.506996 0.518101 0.064065 0.060953
0 0.450479 0.510713 0.059278 0.066125
0 0.479013 0.445881 0.064065 0.041374
0 0.482879 0.405061 0.060015 0.043960
0 0.443667 0.392316 0.069219 0.070188
0 0.558726 0.417806 0.087261 0.099741
0 0.453792 0.715368 0.089470 0.086812
0 0.435935 0.659956 0.056701 0.054304
0 0.458211 0.623938 0.065169 0.064278
0 0.384941 0.642224 0.060751 0.074991
0 0.574558 0.767085 0.090943 0.106760
0 0.621502 0.696158 0.080265 0.088290
0 0.595177 0.652567 0.076951 0.075730
0 0.762518 0.663650 0.084683 0.088290
0 0.721465 0.567787 0.089470 0.097525
