0 0.502465 0.443373 0.054930 0.050842
0 0.604049 0.600982 0.078521 0.069425
0 0.811268 0.433380 0.111972 0.136746
0 0.851937 0.690217 0.125000 0.113254
0 0.783099 0.806802 0.089437 0.089762
0 0.613908 0.731066 0.108099 0.097475
0 0.423944 0.863955 0.097887 0.100982
0 0.378345 0.768583 0.091197 0.086255
0 0.334859 0.666900 0.089437 0.092567
0 0.411620 0.541024 0.078873 0.091865
0 0.323239 0.502630 0.090141 0.088008
0 0.365493 0.389551 0.107042 0.117812
0 0.194014 0.380259 0.109859 0.104839
0 0.164437 0.452314 0.090141 0.086255
0 0.186972 0.568899 0.061972 0.083100
0 0.134155 0.569776 0.052113 0.080645
0 0.090493 0.592567 0.073944 0.075035
0 0.089789 0.664621 0.067606 0.069074
0 0.156338 0.724930 0.076761 0.079593
0 0.244542 0.780505 0.091901 0.094670
0 0.519894 0.552419 0.076408 0.090813
0 0.583979 0.876052 0.077817 0.102034
0 0.629225 0.887798 0.076056 0.081346
0 0.677113 0.911115 0.056338 0.051543
0 0.519894 0.368864 0.089789 0.096073
0 0.612852 0.382539 0.093310 0.105189
0 0.590845 0.472125 0.076761 0.073983
0 0.662676 0.547861 0.083803 0.093619
0 0.615669 0.573107 0.068662 0.057153
