0 0.637979 0.588408 0.087961 0.082699
0 0.667472 0.493945 0.081407 0.080623
0 0.197137 0.370761 0.116247 0.119377
0 0.199207 0.525260 0.112108 0.105190
0 0.244740 0.597751 0.119007 0.112457
0 0.520524 0.769723 0.130390 0.124913
0 0.357365 0.125606 0.097965 0.103806
0 0.446878 0.123529 0.078303 0.099654
0 0.598137 0.312457 0.089686 0.095502
0 0.640911 0.217128 0.085547 0.078547
0 0.815109 0.333564 0.106244 0.098270
0 0.564333 0.115571 0.065540 0.077509
0 0.609176 0.100692 0.060711 0.071972
0 0.498793 0.265398 0.073819 0.085121
0 0.471714 0.294464 0.097620 0.096194
0 0.777854 0.167128 0.072439 0.080277
0 0.822353 0.204498 0.065540 0.060208
0 0.868575 0.272318 0.077268 0.080969
0 0.840807 0.538408 0.104519 0.102422
0 0.857192 0.640311 0.086927 0.092388
0 0.760607 0.682526 0.093825 0.089619
0 0.777682 0.761419 0.097620 0.068166
0 0.759745 0.830277 0.098310 0.069550
0 0.715419 0.876298 0.085547 0.082699
