0 0.344014 0.233871 0.040141 0.038569
0 0.193662 0.578191 0.027465 0.028050
0 0.753697 0.206872 0.057394 0.058906
0 0.674296 0.263675 0.072535 0.079243
0 0.704049 0.348352 0.077113 0.086606
0 0.764965 0.389902 0.092606 0.086957
0 0.901937 0.358696 0.094014 0.109397
0 0.663732 0.741935 0.092958 0.099579
0 0.629225 0.677244 0.076056 0.058555
0 0.607394 0.699860 0.050000 0.036466
0 0.603345 0.745442 0.053169 0.061010
0 0.554754 0.709502 0.055986 0.073983
0 0.252465 0.654804 0.068310 0.057153
0 0.263204 0.603261 0.046127 0.045933
0 0.208451 0.615884 0.063380 0.077489
0 0.308099 0.668654 0.061268 0.061711
0 0.287324 0.732118 0.072535 0.080645
0 0.352817 0.739481 0.066901 0.082749
0 0.472183 0.721248 0.072535 0.077840
0 0.515493 0.800491 0.090141 0.089060
0 0.375880 0.855715 0.105986 0.105540
0 0.657923 0.603261 0.100352 0.088710
0 0.517254 0.579593 0.082394 0.086957
0 0.392606 0.620792 0.066901 0.068373
0 0.414437 0.549088 0.071127 0.071529
0 0.331514 0.537167 0.053873 0.055400
0 0.312324 0.505785 0.051408 0.052945
0 0.249296 0.505610 0.061268 0.061010
0 0.309859 0.448107 0.059859 0.054698
0 0.288556 0.390077 0.069366 0.052945
0 0.292958 0.340813 0.065493 0.050491
0 0.125352 0.538219 0.091549 0.095372
0 0.133099 0.438815 0.087324 0.080996
0 0.145246 0.310484 0.071479 0.080996
0 0.222359 0.297160 0.068662 0.076788
0 0.311620 0.187588 0.058451 0.059607
0 0.345775 0.161115 0.058451 0.061360
0 0.229401 0.163219 0.063028 0.076788
0 0.299472 0.119390 0.063028 0.065568
0 0.677465 0.157784 0.090141 0.088359
0 0.430986 0.085905 0.091549 0.086957
0 0.588204 0.235975 0.065845 0.091164
0 0.527993 0.265778 0.074296 0.093969
0 0.428169 0.281557 0.094366 0.093969
0 0.726408 0.524895 0.106338 0.115708
0 0.771479 0.309958 0.064085 0.064516
0 0.743838 0.244390 0.055282 0.049790
0 0.815845 0.219495 0.065493 0.075736
0 0.409683 0.418829 0.089789 0.088008
