0 0.290595 0.211185 0.078619 0.089772
0 0.360948 0.217807 0.072373 0.098602
0 0.303453 0.335541 0.111683 0.120677
0 0.577700 0.159676 0.131154 0.102281
0 0.242101 0.521891 0.109478 0.110743
0 0.156503 0.545438 0.096988 0.110743
0 0.098824 0.666851 0.104335 0.125460
0 0.237877 0.662436 0.086334 0.101913
0 0.296106 0.663539 0.060250 0.077631
0 0.339456 0.680831 0.049229 0.077631
0 0.376194 0.648823 0.063924 0.077631
0 0.415503 0.683407 0.069067 0.077631
0 0.383542 0.463760 0.078619 0.099706
0 0.446730 0.452171 0.087436 0.108168
0 0.416054 0.367550 0.045922 0.076527
0 0.461976 0.377851 0.061352 0.043414
0 0.443608 0.273731 0.083395 0.082414
0 0.477406 0.224614 0.062821 0.087196
0 0.528104 0.252208 0.044453 0.046726
0 0.574578 0.277226 0.054372 0.033481
0 0.563005 0.239330 0.038575 0.050405
0 0.614989 0.239882 0.039677 0.061810
0 0.506062 0.322664 0.078986 0.065489
0 0.570904 0.326343 0.056576 0.058131
0 0.589273 0.464496 0.091109 0.066593
0 0.536003 0.538631 0.067597 0.065489
0 0.501286 0.595659 0.059148 0.061810
0 0.436811 0.566041 0.089640 0.096026
0 0.524431 0.660596 0.078986 0.066593
0 0.574578 0.644592 0.054372 0.069169
0 0.406135 0.765453 0.077517 0.092347
0 0.222630 0.816409 0.094783 0.076527
0 0.601029 0.683223 0.060250 0.089772
0 0.669544 0.699779 0.077517 0.091244
0 0.631521 0.541391 0.109478 0.090876
0 0.676341 0.452723 0.085966 0.094555
0 0.656686 0.345475 0.066495 0.093451
0 0.673769 0.254599 0.054372 0.100809
0 0.720977 0.275570 0.050331 0.115526
0 0.776084 0.301876 0.070169 0.121781
0 0.735672 0.377851 0.099559 0.102281
0 0.826414 0.450331 0.114254 0.131714
0 0.835966 0.581494 0.116458 0.151214
0 0.746143 0.541023 0.091109 0.097498
0 0.741183 0.497425 0.066495 0.076527
0 0.349927 0.873252 0.094416 0.070272
0 0.414217 0.886313 0.076047 0.047093
0 0.538575 0.796174 0.072741 0.072848
0 0.682403 0.797829 0.095885 0.103385
0 0.821455 0.778330 0.102131 0.076159
0 0.450955 0.853753 0.049596 0.050405
0 0.476120 0.878403 0.038207 0.048197
0 0.514695 0.855040 0.047024 0.050773
0 0.507348 0.901582 0.063924 0.050405
0 0.563005 0.896615 0.067965 0.052980
0 0.609478 0.891832 0.043350 0.030905
0 0.656686 0.881347 0.061352 0.027594
