0 0.362139 0.225682 0.088453 0.078482
0 0.429312 0.195284 0.100666 0.114959
0 0.508512 0.072771 0.074019 0.073324
0 0.581421 0.082535 0.083642 0.083272
0 0.646188 0.235446 0.085862 0.073692
0 0.594930 0.241341 0.022576 0.032424
0 0.606033 0.279108 0.069208 0.073324
0 0.552369 0.280214 0.078830 0.095431
0 0.648779 0.288873 0.066617 0.068534
0 0.484086 0.276529 0.074019 0.063744
0 0.493708 0.331245 0.034789 0.017686
0 0.445041 0.305637 0.088453 0.063744
0 0.457254 0.345984 0.039600 0.042004
0 0.407291 0.343405 0.086232 0.081061
0 0.364545 0.354274 0.098446 0.088062
0 0.327905 0.415070 0.108068 0.102800
0 0.321799 0.497605 0.095855 0.088062
0 0.353627 0.538873 0.076610 0.068902
0 0.481680 0.419860 0.069208 0.082903
0 0.547557 0.452653 0.088453 0.076271
0 0.544967 0.333640 0.064027 0.037214
0 0.536454 0.365328 0.056625 0.037214
0 0.541451 0.397937 0.066617 0.049374
0 0.395078 0.586220 0.081051 0.075903
0 0.597335 0.411385 0.051813 0.046794
0 0.580496 0.382277 0.037380 0.032056
0 0.593634 0.347089 0.083642 0.068534
0 0.696151 0.378592 0.108068 0.112380
0 0.640081 0.469786 0.078830 0.100221
0 0.760733 0.432019 0.081051 0.073324
0 0.702258 0.450258 0.076610 0.066323
0 0.685048 0.481761 0.042191 0.046794
0 0.722983 0.495210 0.073649 0.068534
0 0.786454 0.499816 0.098446 0.112380
0 0.725574 0.558217 0.112879 0.092852
0 0.732791 0.714812 0.122872 0.124539
0 0.709474 0.821665 0.125093 0.100221
0 0.512028 0.800847 0.139526 0.146279
0 0.442635 0.775424 0.064397 0.071113
0 0.485381 0.683309 0.061806 0.061533
0 0.385455 0.633382 0.071429 0.073692
0 0.409697 0.691783 0.085862 0.049005
0 0.398594 0.731945 0.108068 0.095431
0 0.288860 0.760870 0.078830 0.100221
0 0.193930 0.460022 0.117691 0.119749
0 0.304774 0.586220 0.032198 0.042004
0 0.295152 0.668570 0.081051 0.061533
0 0.306070 0.611643 0.034789 0.025055
0 0.223168 0.574060 0.078460 0.066323
0 0.217061 0.685704 0.056625 0.066323
0 0.113434 0.538873 0.093634 0.102800
0 0.160992 0.577561 0.066617 0.112380
0 0.125648 0.662675 0.078830 0.068902
0 0.175611 0.751290 0.052184 0.051584
0 0.252406 0.842299 0.000740 0.000737
0 0.240192 0.832535 0.000740 0.000368
0 0.219837 0.737288 0.042191 0.037583
0 0.220947 0.766765 0.035529 0.035372
0 0.175426 0.269528 0.100666 0.085114
0 0.202443 0.192704 0.076980 0.065586
0 0.121947 0.318349 0.055144 0.035372
0 0.128608 0.364959 0.111399 0.085114
0 0.678386 0.894252 0.102887 0.065586
0 0.179682 0.676676 0.061806 0.059322
0 0.263323 0.618276 0.050703 0.042004
