0 0.826983 0.814465 0.036755 0.027853
0 0.483864 0.969227 0.021963 0.022013
0 0.379202 0.841644 0.036755 0.023810
0 0.915285 0.444519 0.036755 0.047170
0 0.889511 0.382525 0.026446 0.026505
0 0.730838 0.176550 0.044375 0.048518
0 0.365531 0.167790 0.023756 0.019317
0 0.282833 0.140386 0.029583 0.026505
0 0.121918 0.287960 0.045719 0.041330
0 0.172344 0.364106 0.019274 0.016622
0 0.208427 0.346810 0.018826 0.017071
0 0.092784 0.503819 0.020619 0.018419
0 0.410354 0.401842 0.016584 0.017520
0 0.415733 0.614555 0.018377 0.017071
0 0.383460 0.640386 0.021067 0.020216
0 0.187136 0.794924 0.019274 0.015723
