0 0.543254 0.864091 0.010758 0.014545
0 0.702600 0.692045 0.019274 0.016818
0 0.425146 0.336364 0.010309 0.009091
0 0.423353 0.327045 0.012999 0.008636
0 0.402510 0.322045 0.010758 0.009545
0 0.435007 0.307273 0.005827 0.011818
0 0.372703 0.265227 0.020170 0.019545
0 0.371134 0.306818 0.025101 0.029091
0 0.112281 0.325682 0.021067 0.021364
0 0.481847 0.427273 0.016136 0.017273
0 0.067234 0.494091 0.015240 0.015455
0 0.114074 0.499773 0.015688 0.013182
0 0.169879 0.507727 0.013447 0.014545
0 0.120574 0.597045 0.015240 0.015909
0 0.199686 0.519545 0.017481 0.015455
0 0.189377 0.500909 0.013895 0.013636
0 0.201255 0.492955 0.011654 0.011364
0 0.207306 0.499545 0.011206 0.011818
0 0.223218 0.489773 0.013447 0.014091
0 0.225235 0.512273 0.012999 0.014545
0 0.241147 0.535227 0.013447 0.014091
0 0.225011 0.555682 0.013447 0.012273
0 0.225011 0.586591 0.011654 0.009545
0 0.226580 0.577500 0.010309 0.010455
0 0.239130 0.569091 0.010309 0.010000
0 0.242492 0.577955 0.008068 0.009545
0 0.236889 0.584318 0.010309 0.007727
0 0.234872 0.575909 0.008965 0.010909
0 0.280368 0.553182 0.015688 0.016364
0 0.288436 0.530227 0.013895 0.014091
0 0.166069 0.731136 0.019274 0.016818
0 0.184671 0.662955 0.010758 0.013182
0 0.201031 0.669773 0.011206 0.012273
0 0.193635 0.628864 0.009861 0.011364
0 0.202376 0.621136 0.009413 0.009545
0 0.229718 0.616591 0.012102 0.012273
0 0.231286 0.642500 0.013447 0.011364
0 0.229942 0.656364 0.012550 0.011818
0 0.230614 0.667045 0.012102 0.011364
0 0.232407 0.683182 0.012102 0.012727
0 0.231062 0.698182 0.013895 0.012727
0 0.239579 0.677500 0.010309 0.014091
0 0.246526 0.670682 0.009861 0.008636
0 0.250784 0.677727 0.012102 0.012727
0 0.248543 0.645909 0.012999 0.013636
0 0.255043 0.655682 0.011654 0.010455
0 0.284850 0.649318 0.016584 0.015000
0 0.264007 0.614318 0.012550 0.015000
0 0.285074 0.614318 0.009861 0.008636
0 0.247423 0.612045 0.009861 0.011364
0 0.286643 0.696364 0.014792 0.014545
0 0.261766 0.707727 0.016136 0.015455
0 0.333035 0.730000 0.010758 0.010909
0 0.350740 0.730682 0.016584 0.015000
0 0.323398 0.758182 0.015688 0.014545
0 0.367100 0.750000 0.016136 0.014545
0 0.209771 0.803182 0.014343 0.013636
0 0.201479 0.826364 0.017481 0.015455
0 0.279919 0.803636 0.015688 0.014545
0 0.297848 0.778864 0.013895 0.013182
0 0.357463 0.811136 0.014792 0.014091
0 0.413716 0.808864 0.016136 0.015000
0 0.419767 0.829545 0.013895 0.015455
0 0.411026 0.742727 0.015240 0.015455
0 0.476020 0.775909 0.016136 0.013636
0 0.475123 0.811818 0.014343 0.018182
0 0.429628 0.860682 0.017481 0.015909
0 0.407889 0.938864 0.014343 0.016818
0 0.487001 0.935000 0.016584 0.012727
0 0.487898 0.844545 0.013895 0.014545
0 0.589422 0.889545 0.013447 0.014545
0 0.606903 0.885682 0.013447 0.014091
0 0.668983 0.904091 0.013895 0.011818
0 0.692515 0.892273 0.012550 0.012727
0 0.740699 0.847045 0.013895 0.012273
0 0.654415 0.663864 0.018826 0.015909
0 0.688032 0.661591 0.016136 0.013182
0 0.740923 0.671136 0.012550 0.012273
0 0.906992 0.702500 0.015688 0.015000
0 0.837293 0.765227 0.013447 0.013182
0 0.861721 0.749545 0.011206 0.013636
0 0.837965 0.794545 0.013895 0.015455
0 0.849843 0.752727 0.009861 0.011818
0 0.843344 0.758182 0.009413 0.011818
0 0.644330 0.586818 0.016584 0.014545
0 0.657553 0.613409 0.013447 0.012273
0 0.683550 0.598636 0.013447 0.010909
0 0.683774 0.624773 0.012999 0.012273
0 0.710668 0.617727 0.012102 0.012727
0 0.734200 0.595682 0.014343 0.014091
0 0.710892 0.639318 0.012550 0.013182
0 0.744285 0.650455 0.013895 0.013636
0 0.817795 0.635682 0.014792 0.015000
0 0.862169 0.652955 0.012102 0.014091
0 0.895563 0.627955 0.014343 0.015000
0 0.931421 0.599318 0.015240 0.015909
0 0.930300 0.620682 0.012999 0.012273
0 0.937920 0.630682 0.012102 0.013182
0 0.944195 0.572500 0.012102 0.010455
0 0.941282 0.580682 0.011654 0.008636
0 0.693635 0.459545 0.013895 0.012727
0 0.750784 0.494318 0.014343 0.011364
0 0.779919 0.442045 0.013447 0.011364
0 0.819588 0.422273 0.012102 0.014545
0 0.861721 0.427727 0.013895 0.012727
0 0.950022 0.456364 0.014792 0.014545
0 0.950022 0.526818 0.012999 0.016364
0 0.675034 0.383409 0.015240 0.014091
0 0.707530 0.381818 0.014792 0.014545
0 0.718736 0.329091 0.012999 0.011818
0 0.727925 0.325227 0.012550 0.013182
0 0.732855 0.389318 0.015240 0.012273
0 0.738010 0.403182 0.014792 0.016364
0 0.814881 0.386136 0.017033 0.015909
0 0.838413 0.309091 0.014792 0.013636
0 0.939713 0.392727 0.013895 0.013636
0 0.393097 0.245682 0.014343 0.014091
0 0.400493 0.267273 0.012999 0.014545
0 0.479830 0.282273 0.014792 0.015455
0 0.432990 0.289545 0.011654 0.012727
0 0.454056 0.290455 0.010758 0.013636
0 0.443747 0.292273 0.009861 0.013636
0 0.380323 0.280000 0.012999 0.012727
0 0.495742 0.203864 0.014343 0.014091
0 0.526221 0.207500 0.014343 0.015000
0 0.536755 0.218864 0.012999 0.013182
0 0.521739 0.223636 0.013447 0.012727
0 0.506948 0.222727 0.013447 0.010909
0 0.496638 0.227727 0.011654 0.012727
0 0.485433 0.218864 0.009861 0.008636
0 0.552667 0.237045 0.015240 0.015000
0 0.590766 0.319318 0.017033 0.017727
0 0.434783 0.322955 0.010758 0.012273
0 0.427611 0.307273 0.008068 0.011818
0 0.396459 0.344545 0.013895 0.011818
0 0.606006 0.242045 0.008965 0.012273
0 0.598610 0.249545 0.012999 0.011818
0 0.682429 0.279318 0.014792 0.015000
0 0.775213 0.176364 0.014792 0.012727
0 0.766921 0.279091 0.013447 0.014545
0 0.653070 0.177955 0.011654 0.010455
0 0.764455 0.157273 0.013895 0.012727
0 0.832810 0.188636 0.012550 0.010909
0 0.847602 0.195000 0.014343 0.014545
0 0.866652 0.210455 0.012102 0.013636
0 0.874720 0.233636 0.010309 0.010909
0 0.890408 0.259318 0.011206 0.011364
0 0.909906 0.282273 0.011654 0.012727
0 0.922008 0.280000 0.008965 0.013636
0 0.533169 0.064773 0.013895 0.014091
0 0.555356 0.052045 0.011654 0.010455
0 0.564097 0.046136 0.012102 0.012273
0 0.573510 0.070227 0.012999 0.013182
0 0.592335 0.053864 0.012999 0.011364
0 0.597042 0.045227 0.012550 0.012273
0 0.591887 0.101818 0.015688 0.014545
0 0.639848 0.165455 0.014792 0.012727
0 0.645226 0.155455 0.012999 0.013636
0 0.672120 0.093636 0.012102 0.013636
0 0.664052 0.076136 0.011206 0.012273
0 0.633572 0.055682 0.010309 0.012273
0 0.642537 0.046818 0.011206 0.010909
0 0.643433 0.056364 0.009413 0.010000
0 0.666069 0.059318 0.011654 0.012273
0 0.676827 0.067727 0.011654 0.010909
0 0.691394 0.073182 0.010309 0.011818
0 0.701479 0.070000 0.011654 0.012727
0 0.728597 0.074318 0.009413 0.010455
0 0.738234 0.075000 0.008965 0.011818
0 0.737562 0.091591 0.012102 0.012273
0 0.806365 0.143864 0.015240 0.012273
0 0.795383 0.121136 0.011206 0.010455
0 0.406544 0.667500 0.016136 0.014091
0 0.409458 0.700682 0.017481 0.014091
0 0.434558 0.679318 0.013895 0.014091
0 0.451815 0.676591 0.014343 0.014091
0 0.434783 0.697045 0.014343 0.010455
0 0.439489 0.691364 0.010309 0.010000
0 0.454729 0.695000 0.012102 0.011818
0 0.461452 0.704318 0.012999 0.011364
0 0.475347 0.696136 0.012999 0.011364
0 0.480726 0.707955 0.012999 0.012273
0 0.474899 0.718636 0.012102 0.012727
0 0.468848 0.727727 0.013447 0.012727
0 0.504034 0.722273 0.012102 0.010000
0 0.505603 0.730455 0.012550 0.010000
0 0.543254 0.715682 0.014343 0.012273
0 0.582250 0.700227 0.015240 0.013182
0 0.366652 0.613182 0.015240 0.014545
0 0.414836 0.584318 0.015688 0.015000
0 0.426490 0.568864 0.014792 0.015909
0 0.278126 0.470000 0.016584 0.012727
0 0.303675 0.508636 0.015688 0.015455
0 0.310175 0.534545 0.015240 0.014545
0 0.304572 0.589773 0.016584 0.017727
0 0.254818 0.601818 0.013895 0.011818
0 0.381219 0.464318 0.012999 0.014091
0 0.389063 0.469773 0.012550 0.014091
0 0.403631 0.487273 0.015688 0.014545
0 0.470865 0.478864 0.011206 0.011364
0 0.475347 0.486818 0.012999 0.014545
0 0.133572 0.425682 0.014343 0.012273
0 0.144778 0.406136 0.016136 0.014091
0 0.172120 0.375455 0.015240 0.012727
0 0.208875 0.361818 0.012550 0.013636
0 0.213133 0.349773 0.011206 0.013182
0 0.223667 0.349318 0.013447 0.014091
0 0.196549 0.400909 0.012102 0.012727
0 0.193859 0.410455 0.012102 0.010909
0 0.182205 0.422500 0.013895 0.012273
0 0.198117 0.426818 0.012550 0.013636
0 0.208651 0.415227 0.010309 0.010455
0 0.208651 0.404545 0.011206 0.012727
0 0.218288 0.428182 0.012550 0.012727
0 0.241820 0.420227 0.015688 0.016818
0 0.240475 0.438864 0.012999 0.013182
0 0.270955 0.428182 0.014792 0.014545
0 0.189377 0.468182 0.011206 0.012727
0 0.201703 0.467045 0.010758 0.013182
0 0.208427 0.470000 0.011654 0.012727
0 0.270282 0.383182 0.012550 0.014545
0 0.283057 0.396364 0.014792 0.016364
0 0.288884 0.351818 0.013895 0.014545
0 0.331690 0.350455 0.014343 0.012727
0 0.348723 0.349318 0.012550 0.014091
0 0.356342 0.380909 0.014343 0.012727
0 0.369789 0.358636 0.010758 0.012727
0 0.376513 0.382727 0.011654 0.012727
0 0.375840 0.405682 0.012102 0.013182
0 0.325190 0.337273 0.012999 0.011818
0 0.373151 0.343864 0.013895 0.013182
0 0.398028 0.362045 0.010758 0.013182
0 0.392425 0.399545 0.013895 0.014545
0 0.411026 0.368409 0.011654 0.010455
0 0.421784 0.360000 0.011654 0.012727
0 0.436127 0.355682 0.013447 0.014091
0 0.465935 0.379318 0.013895 0.014091
0 0.422456 0.389545 0.012999 0.012727
0 0.443971 0.387273 0.013895 0.012727
0 0.445988 0.400227 0.013447 0.011364
0 0.405199 0.418409 0.014343 0.013182
0 0.427163 0.401591 0.010758 0.009545
0 0.433214 0.407727 0.013895 0.011818
0 0.538996 0.385682 0.016584 0.016818
0 0.400941 0.329318 0.011206 0.005909
0 0.154639 0.263182 0.011654 0.010909
0 0.181085 0.287500 0.015240 0.013182
0 0.159794 0.283864 0.012102 0.013182
0 0.176378 0.249091 0.012102 0.013636
0 0.189825 0.291364 0.012999 0.011818
0 0.213133 0.290682 0.010309 0.011364
0 0.214030 0.307955 0.012102 0.012273
0 0.181085 0.336591 0.015240 0.015000
0 0.259749 0.306818 0.012102 0.013636
0 0.270731 0.283864 0.013447 0.013182
0 0.265576 0.265000 0.012999 0.014545
0 0.187360 0.206364 0.012550 0.010909
0 0.208875 0.208409 0.013447 0.012273
0 0.247647 0.239318 0.014792 0.014091
0 0.217391 0.270455 0.014343 0.010000
0 0.183550 0.230227 0.012102 0.010455
0 0.188929 0.237500 0.013895 0.011364
0 0.257284 0.202955 0.013447 0.015000
0 0.192290 0.191818 0.009861 0.008182
0 0.193411 0.185909 0.011206 0.010000
0 0.217840 0.172727 0.012550 0.011818
0 0.224339 0.167045 0.010309 0.013182
0 0.296728 0.156818 0.013447 0.014545
0 0.350515 0.118636 0.014343 0.013636
0 0.381667 0.046591 0.013895 0.013182
0 0.428732 0.043409 0.013895 0.013182
0 0.443971 0.053864 0.012102 0.012273
0 0.440161 0.072273 0.012550 0.012727
0 0.496638 0.035909 0.012550 0.013636
0 0.498879 0.069091 0.012550 0.013636
0 0.494845 0.094091 0.012550 0.012727
0 0.476692 0.103182 0.012102 0.012727
0 0.414612 0.106818 0.010758 0.011818
0 0.406544 0.111818 0.011654 0.010909
0 0.258628 0.583864 0.020619 0.016818
0 0.236665 0.557727 0.012550 0.010909
0 0.227925 0.567273 0.007620 0.009091
0 0.655760 0.058864 0.008068 0.013182
0 0.653519 0.050227 0.008965 0.010455
0 0.948678 0.339545 0.021963 0.015455
0 0.969296 0.399091 0.019274 0.027273
