0 0.200786 0.725155 0.036807 0.038351
0 0.084988 0.674021 0.038462 0.032577
0 0.104839 0.491959 0.026882 0.033814
0 0.186311 0.447835 0.031017 0.035464
0 0.215054 0.507216 0.025641 0.029691
0 0.331266 0.517732 0.033912 0.030928
0 0.528329 0.590515 0.028536 0.029691
0 0.763854 0.723505 0.025641 0.038351
0 0.821754 0.674227 0.033912 0.035464
0 0.808519 0.616907 0.023987 0.025567
0 0.306245 0.191546 0.026882 0.032577
0 0.332506 0.071340 0.025641 0.035464
0 0.517577 0.195052 0.032672 0.033814
0 0.606493 0.138351 0.036807 0.030928
