0 0.635685 0.856051 0.015726 0.016888
0 0.643347 0.886007 0.020565 0.027744
0 0.499395 0.840571 0.014919 0.022919
0 0.493145 0.783273 0.020968 0.012867
0 0.534879 0.777242 0.014113 0.010454
0 0.097379 0.757941 0.016532 0.024930
0 0.075605 0.687776 0.023790 0.020507
0 0.251008 0.740852 0.014113 0.021311
0 0.661694 0.254725 0.013710 0.018898
0 0.664516 0.268798 0.014516 0.021311
0 0.674597 0.267994 0.013710 0.022919
0 0.684677 0.273824 0.010484 0.023321
0 0.576210 0.287897 0.021774 0.010454
0 0.558065 0.246281 0.024194 0.018898
0 0.528024 0.237033 0.021371 0.011661
0 0.532258 0.248693 0.018548 0.015682
0 0.265726 0.174708 0.019355 0.020507
0 0.288710 0.376156 0.012903 0.015682
0 0.350403 0.384600 0.015323 0.024528
0 0.160484 0.844190 0.019355 0.019702
0 0.171169 0.831524 0.019758 0.019300
0 0.109476 0.802171 0.008468 0.016888
0 0.594960 0.933052 0.033468 0.032569
0 0.467540 0.988339 0.030242 0.023322
0 0.740927 0.188380 0.043145 0.043828
0 0.690524 0.853840 0.038306 0.033374
0 0.582258 0.710294 0.029032 0.031765
0 0.617137 0.643345 0.035081 0.032971
0 0.616532 0.608967 0.034677 0.032569
0 0.488105 0.285283 0.031855 0.035786
0 0.445766 0.246884 0.029435 0.032167
0 0.757460 0.680539 0.043145 0.043024
0 0.444960 0.852031 0.027823 0.025734
0 0.082863 0.659027 0.031855 0.036992
0 0.379435 0.256333 0.036290 0.034982
0 0.569960 0.457579 0.031048 0.032971
0 0.518145 0.261359 0.028226 0.023321
0 0.598790 0.757338 0.030645 0.030961
0 0.713105 0.696220 0.035081 0.039807
0 0.362097 0.878971 0.031452 0.029755
0 0.132258 0.673904 0.030645 0.035384
0 0.323992 0.329715 0.036694 0.040209
0 0.472782 0.137314 0.040726 0.036590
0 0.608065 0.895255 0.035484 0.030157
0 0.296573 0.160836 0.035887 0.032971
0 0.164919 0.458585 0.045161 0.043828
0 0.294758 0.276840 0.031452 0.027744
0 0.508468 0.669682 0.029839 0.036590
0 0.553629 0.402091 0.033871 0.041013
0 0.684073 0.515480 0.038306 0.038601
0 0.558871 0.640129 0.029839 0.038601
0 0.703427 0.277644 0.032661 0.039003
0 0.575806 0.493366 0.038710 0.034580
0 0.409274 0.959791 0.031452 0.033776
0 0.415927 0.404906 0.035887 0.041013
0 0.437298 0.904302 0.028629 0.031363
0 0.693145 0.433253 0.039516 0.038199
0 0.257661 0.841978 0.027419 0.032167
0 0.341935 0.213309 0.033065 0.037394
0 0.500806 0.748693 0.029032 0.032167
0 0.494355 0.236832 0.028226 0.033776
0 0.786089 0.315641 0.042339 0.041013
0 0.470363 0.883997 0.032661 0.031765
0 0.487298 0.387616 0.027823 0.040209
0 0.460081 0.209690 0.030645 0.037394
0 0.226815 0.305991 0.041532 0.039405
0 0.447379 0.320869 0.036694 0.039405
0 0.536290 0.461399 0.031452 0.041415
0 0.683065 0.667672 0.034677 0.039003
0 0.207661 0.870326 0.033065 0.035786
0 0.558871 0.738641 0.030645 0.033776
0 0.222984 0.404503 0.040323 0.038601
0 0.429032 0.172095 0.033065 0.036992
0 0.608669 0.725372 0.031048 0.033776
0 0.371573 0.120024 0.041532 0.037394
0 0.312097 0.766586 0.031452 0.037394
0 0.532863 0.221351 0.022984 0.028548
0 0.560484 0.579011 0.031452 0.034580
0 0.358871 0.834741 0.027419 0.028146
0 0.644960 0.763571 0.031855 0.037797
0 0.622379 0.234017 0.027823 0.029755
0 0.418145 0.770406 0.031452 0.033776
0 0.714919 0.587857 0.034677 0.032167
0 0.527419 0.351427 0.031452 0.036992
0 0.279839 0.748492 0.036290 0.034178
0 0.233468 0.747487 0.020161 0.029755
0 0.756855 0.644753 0.037097 0.039003
0 0.044758 0.637515 0.033065 0.038199
0 0.744355 0.234017 0.048387 0.038601
0 0.305242 0.530559 0.043548 0.039807
0 0.542540 0.816244 0.027823 0.025734
0 0.369355 0.362485 0.029839 0.038199
0 0.244960 0.197226 0.042339 0.044632
0 0.571573 0.863289 0.032661 0.035384
0 0.717339 0.621632 0.045161 0.036992
0 0.865121 0.769602 0.043952 0.047447
0 0.648185 0.818657 0.023790 0.028146
0 0.531250 0.592280 0.025403 0.030559
0 0.870766 0.635304 0.044758 0.046643
0 0.093145 0.425613 0.044355 0.045436
0 0.247581 0.902292 0.031452 0.032971
0 0.392742 0.159831 0.033871 0.039003
0 0.274395 0.316848 0.037500 0.039405
0 0.445766 0.795336 0.028629 0.028951
0 0.753024 0.286691 0.047177 0.042622
0 0.586694 0.174910 0.018548 0.016888
0 0.469355 0.470245 0.039516 0.042220
0 0.557863 0.163651 0.035887 0.038601
0 0.486694 0.184359 0.036290 0.033374
0 0.447581 0.964616 0.029032 0.026538
0 0.617339 0.382791 0.029839 0.038601
0 0.524194 0.859268 0.032258 0.034580
0 0.457661 0.390832 0.027419 0.036992
0 0.681855 0.825493 0.033871 0.032971
0 0.097581 0.728388 0.029032 0.033374
0 0.224395 0.820064 0.027823 0.030157
0 0.365524 0.931846 0.031855 0.034982
0 0.864919 0.382791 0.045968 0.046643
0 0.337702 0.367109 0.027823 0.032167
0 0.496573 0.569361 0.043952 0.042622
0 0.744960 0.720346 0.041532 0.038199
0 0.109677 0.693808 0.025806 0.034178
0 0.471774 0.752714 0.030645 0.028951
0 0.568145 0.224166 0.025806 0.029353
0 0.541734 0.285283 0.026210 0.031765
0 0.601815 0.322276 0.031048 0.023723
0 0.582863 0.819863 0.021371 0.024125
0 0.417137 0.985324 0.031855 0.029352
0 0.268952 0.233414 0.024194 0.018094
0 0.596573 0.345798 0.031048 0.024930
0 0.387500 0.914355 0.025806 0.030559
0 0.315726 0.881785 0.021774 0.030559
0 0.535685 0.665460 0.023790 0.035384
0 0.627823 0.259148 0.030645 0.033374
0 0.397782 0.878569 0.022984 0.025734
0 0.570766 0.304383 0.024597 0.022517
0 0.591532 0.387012 0.023387 0.026940
0 0.359476 0.765581 0.024597 0.028951
0 0.647984 0.952352 0.039516 0.043828
0 0.661290 0.879373 0.021774 0.024930
0 0.266734 0.368315 0.032661 0.024930
0 0.485685 0.835545 0.014919 0.020909
0 0.608468 0.425613 0.024194 0.039003
0 0.589113 0.629875 0.027419 0.033374
0 0.655040 0.849417 0.024597 0.029353
0 0.066129 0.708082 0.023387 0.020909
0 0.417944 0.827302 0.022984 0.029353
0 0.472782 0.823884 0.023790 0.024125
0 0.573387 0.277644 0.025000 0.020507
0 0.289113 0.249899 0.024194 0.020507
0 0.569960 0.797346 0.022177 0.023321
0 0.483468 0.773221 0.021774 0.017692
0 0.592137 0.244471 0.019758 0.021713
0 0.490323 0.797547 0.026613 0.016486
0 0.113508 0.767189 0.021371 0.028951
0 0.382056 0.771411 0.027823 0.031765
0 0.301411 0.869723 0.025403 0.028951
0 0.626008 0.836751 0.023790 0.025734
0 0.547984 0.763571 0.023387 0.017692
0 0.392742 0.820265 0.025000 0.027342
0 0.283871 0.183152 0.017742 0.021311
0 0.647581 0.247889 0.018548 0.026940
0 0.544355 0.794934 0.025806 0.020909
0 0.133266 0.825493 0.015726 0.018496
0 0.271774 0.394250 0.031452 0.027744
0 0.606855 0.915963 0.032258 0.020105
0 0.119960 0.808203 0.014919 0.016084
0 0.436492 0.823080 0.022984 0.024930
0 0.416331 0.889626 0.021371 0.025332
0 0.207056 0.841576 0.024597 0.027342
0 0.601008 0.841174 0.025403 0.028951
0 0.082460 0.754322 0.022984 0.033776
