0 0.484766 0.949121 0.030467 0.028198
0 0.475584 0.685942 0.028798 0.033919
0 0.303631 0.520025 0.034641 0.029832
0 0.126043 0.363098 0.037563 0.035554
0 0.066152 0.678995 0.030467 0.033919
0 0.832220 0.638741 0.020033 0.026972
0 0.803422 0.638537 0.025876 0.029832
0 0.810726 0.604005 0.028798 0.031058
0 0.660267 0.490805 0.031720 0.031058
0 0.624374 0.478749 0.031720 0.029832
0 0.687187 0.381079 0.036311 0.029832
0 0.690526 0.352064 0.034641 0.022477
0 0.593907 0.062730 0.037563 0.038006
0 0.578673 0.210666 0.030467 0.028198
0 0.425501 0.171843 0.030467 0.035554
0 0.474124 0.330405 0.025876 0.029832
0 0.488523 0.400082 0.022955 0.031058
0 0.520451 0.402942 0.017529 0.042501
0 0.539023 0.395382 0.022955 0.029832
