0 0.145825 0.709814 0.023919 0.033841
0 0.270667 0.396151 0.037768 0.045262
0 0.506295 0.063452 0.023919 0.025381
0 0.484054 0.315144 0.032312 0.042301
0 0.611414 0.335871 0.029375 0.038071
0 0.723877 0.325296 0.029375 0.033841
0 0.798154 0.462352 0.037768 0.033841
0 0.589593 0.613790 0.025178 0.031303
0 0.539236 0.652073 0.025178 0.028342
0 0.400965 0.707699 0.032312 0.029611
0 0.406630 0.782360 0.029375 0.028342
0 0.328158 0.628807 0.029375 0.032572
0 0.349979 0.570854 0.025178 0.032572
0 0.378095 0.563029 0.025178 0.031303
0 0.431389 0.550338 0.016786 0.025381
0 0.456567 0.557530 0.025178 0.031303
