0 0.509532 0.119792 0.031773 0.031922
0 0.390803 0.240759 0.042475 0.030578
0 0.511706 0.044019 0.020736 0.018817
0 0.581104 0.323589 0.037124 0.031586
0 0.745318 0.284106 0.039130 0.041331
0 0.818562 0.349126 0.032441 0.032930
0 0.569900 0.479671 0.031438 0.031922
0 0.675084 0.570733 0.037124 0.035954
0 0.379431 0.499832 0.026421 0.026546
0 0.290468 0.445565 0.033779 0.028226
0 0.348662 0.597950 0.031773 0.031922
0 0.417224 0.644993 0.032441 0.032594
0 0.233779 0.683972 0.026087 0.030578
0 0.097324 0.569556 0.031438 0.029570
0 0.163545 0.674227 0.024080 0.026546
0 0.169064 0.701949 0.021739 0.020833
0 0.196488 0.700773 0.016388 0.014449
0 0.212709 0.689012 0.020736 0.016465
0 0.286120 0.728495 0.031773 0.022177
0 0.301171 0.771337 0.031773 0.012433
0 0.265050 0.811324 0.026421 0.023185
0 0.215552 0.766465 0.019732 0.015457
0 0.206355 0.747984 0.020736 0.015457
0 0.333110 0.824933 0.030769 0.024194
0 0.400000 0.796203 0.030769 0.027218
0 0.531605 0.843918 0.019732 0.014449
0 0.621070 0.799395 0.017391 0.020833
0 0.596823 0.795531 0.023077 0.019825
0 0.631940 0.885081 0.021739 0.022849
0 0.294314 0.092238 0.026087 0.019825
0 0.262375 0.112231 0.021070 0.020833
0 0.058361 0.375168 0.014381 0.021841
