0 0.606471 0.618669 0.032176 0.033285
0 0.586587 0.589725 0.029284 0.033285
0 0.735900 0.278220 0.030007 0.039074
0 0.248192 0.684515 0.035069 0.036179
0 0.475597 0.104559 0.065437 0.043415
0 0.527657 0.187771 0.052422 0.053546
0 0.571041 0.174204 0.043022 0.056078
0 0.609725 0.168054 0.046638 0.061143
0 0.540130 0.252171 0.064353 0.052098
0 0.513377 0.327243 0.054230 0.050289
0 0.616775 0.250724 0.048445 0.049204
0 0.645879 0.215449 0.048807 0.048119
0 0.697397 0.212373 0.041215 0.032562
0 0.720716 0.198987 0.038684 0.047033
0 0.723427 0.243307 0.041938 0.036541
0 0.669017 0.287265 0.040853 0.039797
0 0.696855 0.265557 0.033623 0.046310
0 0.401482 0.245297 0.050976 0.038350
0 0.343095 0.237699 0.057845 0.047033
0 0.246023 0.267366 0.051699 0.049928
0 0.437093 0.266643 0.033984 0.041968
0 0.387744 0.299385 0.035069 0.027858
0 0.413955 0.283647 0.041938 0.041968
0 0.377260 0.278220 0.032899 0.028944
0 0.345806 0.295405 0.042299 0.037988
0 0.316884 0.304812 0.032899 0.028582
0 0.317245 0.280572 0.045915 0.044501
0 0.827549 0.304088 0.047722 0.051013
0 0.793565 0.321454 0.050615 0.046671
0 0.798084 0.362699 0.048807 0.048119
0 0.765727 0.291968 0.047722 0.039797
0 0.864787 0.381151 0.053507 0.051013
0 0.851591 0.414255 0.037238 0.034009
0 0.859002 0.429812 0.051338 0.044863
0 0.872560 0.457851 0.053868 0.050289
0 0.629067 0.421491 0.058568 0.057164
0 0.683116 0.478111 0.058207 0.050289
0 0.929682 0.476122 0.044469 0.047757
0 0.932393 0.534913 0.046276 0.063314
0 0.734093 0.516100 0.047361 0.038712
0 0.714570 0.529848 0.051699 0.038712
0 0.697397 0.559877 0.047722 0.051737
0 0.669920 0.567836 0.048445 0.043054
0 0.678959 0.613603 0.054953 0.047757
0 0.812364 0.651049 0.042661 0.048119
0 0.612256 0.496382 0.057484 0.046310
0 0.562726 0.510673 0.044469 0.040159
0 0.557122 0.536541 0.034707 0.028944
0 0.526030 0.521527 0.040492 0.040159
0 0.521692 0.568198 0.036153 0.033647
0 0.550253 0.580680 0.036153 0.034732
0 0.511931 0.588097 0.041215 0.030753
0 0.520788 0.612518 0.039407 0.031838
0 0.577007 0.640014 0.033984 0.031838
0 0.624910 0.590449 0.036515 0.031838
0 0.633225 0.619935 0.031453 0.032200
0 0.783803 0.724313 0.059291 0.057164
0 0.654736 0.721599 0.046276 0.053184
0 0.634129 0.753799 0.056399 0.045224
0 0.588033 0.761758 0.050976 0.055355
0 0.540130 0.787988 0.056399 0.052822
0 0.587129 0.807887 0.054230 0.047757
0 0.632321 0.825434 0.053507 0.037265
0 0.629790 0.848951 0.046276 0.040883
0 0.669378 0.859624 0.054591 0.037627
0 0.559111 0.849313 0.037238 0.037988
0 0.533261 0.853292 0.033261 0.044501
0 0.453362 0.856548 0.052784 0.047395
0 0.489516 0.868126 0.049892 0.048119
0 0.458604 0.719790 0.064714 0.053184
0 0.361714 0.668415 0.060376 0.053907
0 0.499819 0.671852 0.031453 0.037627
0 0.556218 0.655572 0.041576 0.042692
0 0.527657 0.650868 0.031453 0.038350
0 0.468366 0.643452 0.045915 0.033647
0 0.573030 0.903220 0.046276 0.045948
0 0.522234 0.903763 0.056761 0.054269
0 0.314895 0.869935 0.039046 0.038712
0 0.362437 0.884226 0.058930 0.055716
0 0.315618 0.827786 0.046276 0.038350
0 0.267173 0.842619 0.038322 0.036903
0 0.251988 0.784009 0.046999 0.032562
0 0.298626 0.736975 0.052784 0.049928
0 0.275307 0.719247 0.037238 0.042692
0 0.461316 0.612337 0.044107 0.036541
0 0.472162 0.591172 0.037599 0.034732
0 0.446855 0.561867 0.045553 0.040521
0 0.561822 0.607453 0.031092 0.038350
0 0.155098 0.593705 0.040492 0.042692
0 0.156544 0.621925 0.041938 0.028944
0 0.189443 0.622287 0.044107 0.047033
0 0.176067 0.659370 0.049168 0.046671
0 0.224693 0.666606 0.043022 0.050289
0 0.179320 0.711650 0.046276 0.038350
0 0.236623 0.733357 0.047361 0.045586
0 0.188720 0.739508 0.036876 0.028944
0 0.199385 0.757417 0.036515 0.034370
0 0.400940 0.344067 0.048445 0.053546
0 0.505061 0.447721 0.052784 0.042330
0 0.454447 0.473408 0.033261 0.040159
0 0.468908 0.455861 0.033984 0.041968
0 0.498554 0.475579 0.049168 0.048119
0 0.476320 0.505608 0.038684 0.035818
0 0.484454 0.526954 0.043384 0.040883
0 0.287057 0.461469 0.056399 0.046671
0 0.228670 0.428003 0.045192 0.039074
0 0.227946 0.401230 0.041576 0.039074
0 0.186370 0.372829 0.061099 0.048842
0 0.234816 0.320188 0.048084 0.047033
0 0.268800 0.333032 0.040130 0.030029
0 0.258315 0.354197 0.036515 0.039797
0 0.097614 0.410094 0.039769 0.040883
0 0.088214 0.488242 0.031815 0.039436
0 0.154917 0.475036 0.038684 0.041245
0 0.188178 0.520803 0.037961 0.033647
0 0.227223 0.477026 0.034346 0.045224
0 0.195409 0.448806 0.032899 0.028582
0 0.190347 0.471961 0.040130 0.030029
0 0.190889 0.492764 0.041215 0.036179
0 0.279465 0.809334 0.032538 0.037627
0 0.237889 0.815123 0.037599 0.034009
0 0.469993 0.678365 0.031092 0.031114
