0 0.214842 0.584591 0.032982 0.029721
0 0.247824 0.614540 0.024737 0.024691
0 0.273248 0.636488 0.031608 0.029264
0 0.300962 0.660494 0.025653 0.025149
0 0.342419 0.657750 0.035273 0.032465
0 0.333715 0.590764 0.036189 0.029264
0 0.215071 0.659808 0.053596 0.039323
0 0.172698 0.697074 0.031150 0.038866
0 0.257215 0.687700 0.038937 0.048468
0 0.127119 0.762460 0.049931 0.043439
0 0.191022 0.772062 0.036647 0.031550
0 0.166743 0.792867 0.032066 0.029264
0 0.051077 0.692044 0.036189 0.037952
0 0.396702 0.636260 0.033898 0.051669
0 0.455108 0.631687 0.026111 0.024234
0 0.450527 0.663009 0.031608 0.034751
0 0.476180 0.598765 0.031608 0.029721
0 0.502749 0.615912 0.029776 0.028349
0 0.152542 0.823045 0.029317 0.023777
0 0.180486 0.865569 0.040311 0.038409
0 0.216903 0.899406 0.037105 0.029264
0 0.250802 0.925926 0.024279 0.018290
0 0.343793 0.913580 0.029776 0.041152
0 0.317224 0.950389 0.027943 0.030636
0 0.362574 0.940101 0.025195 0.037494
0 0.416858 0.802012 0.038479 0.039323
0 0.497939 0.770233 0.039395 0.037037
0 0.534585 0.775263 0.035731 0.047096
0 0.490151 0.903292 0.038479 0.045267
0 0.539853 0.961363 0.028859 0.039781
0 0.509391 0.983082 0.043060 0.033836
0 0.613605 0.961591 0.043518 0.052126
0 0.659414 0.869913 0.036189 0.033379
0 0.662162 0.928441 0.033440 0.033379
0 0.694228 0.925011 0.042602 0.048468
0 0.727210 0.912666 0.051764 0.068587
0 0.787219 0.847965 0.032524 0.035208
0 0.775767 0.787837 0.037105 0.037494
0 0.829592 0.846136 0.045809 0.056241
0 0.539166 0.615912 0.029317 0.022862
0 0.587723 0.618427 0.042144 0.032465
0 0.526111 0.668496 0.032524 0.029264
0 0.589556 0.656836 0.035731 0.030636
0 0.574897 0.682213 0.035731 0.029264
0 0.661017 0.631459 0.035731 0.032007
0 0.827531 0.775263 0.040770 0.043439
0 0.910673 0.720393 0.045809 0.038866
0 0.964040 0.632373 0.045350 0.045725
0 0.938846 0.678555 0.053596 0.053041
0 0.899221 0.540238 0.037563 0.035208
0 0.959459 0.517147 0.048099 0.034751
0 0.777371 0.472337 0.040311 0.032922
0 0.746450 0.509145 0.042602 0.033379
0 0.672011 0.530407 0.035731 0.034751
0 0.603069 0.520576 0.037105 0.033379
0 0.607421 0.486054 0.035731 0.029264
0 0.590701 0.570645 0.025195 0.021948
0 0.759047 0.303841 0.041228 0.038866
0 0.860971 0.281436 0.033440 0.033379
0 0.893953 0.314129 0.035273 0.030178
0 0.927393 0.338592 0.028859 0.025149
0 0.960376 0.352080 0.039853 0.031093
0 0.954191 0.430270 0.043060 0.034751
0 0.811956 0.374714 0.040770 0.038866
0 0.720110 0.389118 0.039395 0.034751
0 0.665598 0.389118 0.042144 0.036580
0 0.583601 0.383631 0.041228 0.039323
0 0.277371 0.268404 0.039853 0.032922
0 0.542831 0.341335 0.034814 0.035208
0 0.404718 0.382716 0.035273 0.034751
0 0.403115 0.474166 0.033898 0.032007
0 0.373798 0.433242 0.026569 0.027892
0 0.382730 0.405807 0.026111 0.026063
0 0.418003 0.425011 0.049015 0.048925
0 0.644526 0.209877 0.043060 0.034751
0 0.757215 0.171925 0.032982 0.032922
0 0.800733 0.172611 0.034814 0.048011
0 0.836005 0.154092 0.026569 0.027435
0 0.836464 0.189529 0.026569 0.031550
0 0.891663 0.210105 0.027943 0.026978
0 0.910215 0.235940 0.043060 0.037494
0 0.931287 0.297211 0.045809 0.059442
0 0.348374 0.110882 0.045350 0.037037
0 0.412506 0.100366 0.052680 0.058985
0 0.456940 0.105167 0.032524 0.028349
0 0.467018 0.072474 0.032524 0.037037
0 0.510994 0.069044 0.034356 0.029264
0 0.492213 0.115226 0.036189 0.034751
0 0.443197 0.236397 0.032524 0.032922
0 0.588869 0.059671 0.030692 0.035208
0 0.610857 0.078875 0.026111 0.031550
0 0.608566 0.123914 0.047183 0.046639
0 0.650939 0.096936 0.030234 0.035665
0 0.705680 0.107453 0.034356 0.033836
0 0.726523 0.130773 0.055886 0.045725
0 0.049244 0.317787 0.032524 0.032007
0 0.040082 0.358939 0.040770 0.037494
0 0.168117 0.324417 0.065048 0.046182
0 0.162620 0.378144 0.063216 0.044810
0 0.211406 0.239140 0.051764 0.067673
0 0.022446 0.513489 0.042144 0.038409
0 0.019927 0.549611 0.029776 0.032007
0 0.019240 0.588706 0.029317 0.049840
0 0.060467 0.597394 0.046725 0.037952
0 0.160101 0.488569 0.037105 0.032465
0 0.203848 0.520348 0.060467 0.036580
0 0.181860 0.555098 0.032066 0.031093
0 0.252863 0.565844 0.034814 0.029721
0 0.285158 0.544124 0.031608 0.029264
0 0.359368 0.497942 0.030692 0.032922
0 0.354329 0.539095 0.034356 0.027435
0 0.510994 0.537952 0.030692 0.034294
0 0.543060 0.560357 0.030692 0.027892
