0 0.461171 0.198704 0.032972 0.027646
0 0.524295 0.201080 0.032538 0.034989
0 0.476356 0.301944 0.031236 0.029374
0 0.301302 0.285529 0.036876 0.025918
0 0.521475 0.293737 0.028633 0.023326
0 0.533406 0.285745 0.029067 0.022894
0 0.472451 0.393305 0.032104 0.028078
0 0.522993 0.383585 0.030803 0.027646
0 0.551844 0.406695 0.027766 0.025486
0 0.549675 0.424406 0.030369 0.029806
0 0.660521 0.414471 0.029935 0.032397
0 0.329935 0.412311 0.033406 0.028078
0 0.719957 0.516847 0.025597 0.028942
0 0.696746 0.512311 0.026898 0.021598
0 0.685683 0.522246 0.022993 0.022462
0 0.663557 0.528510 0.026464 0.023758
0 0.690022 0.559179 0.029067 0.027214
0 0.372668 0.560259 0.032104 0.028510
0 0.309111 0.507343 0.027332 0.023758
0 0.678742 0.583801 0.029067 0.030670
0 0.637744 0.611879 0.031236 0.028078
0 0.668980 0.641037 0.024295 0.025054
0 0.647289 0.644276 0.026898 0.028078
0 0.629935 0.644276 0.025163 0.023758
0 0.614534 0.671058 0.027332 0.025486
0 0.688286 0.675378 0.029935 0.030670
0 0.696746 0.733261 0.027766 0.028942
0 0.510629 0.722678 0.031236 0.025054
0 0.519523 0.763715 0.029067 0.025054
0 0.451410 0.731749 0.033406 0.028510
0 0.362690 0.670626 0.032972 0.025486
0 0.326247 0.650108 0.032104 0.028510
0 0.316052 0.674730 0.029935 0.026782
0 0.372668 0.726134 0.028633 0.025918
0 0.376356 0.748596 0.024729 0.027646
0 0.345336 0.746436 0.032104 0.025054
0 0.179826 0.787257 0.030803 0.027214
0 0.209978 0.775378 0.031236 0.028510
0 0.202169 0.808639 0.031236 0.027646
0 0.324512 0.797192 0.031236 0.028942
0 0.263124 0.868467 0.033406 0.028078
0 0.402169 0.853780 0.027766 0.030670
0 0.451844 0.912527 0.030803 0.028078
0 0.548807 0.861123 0.030369 0.031533
0 0.090456 0.693737 0.038612 0.031102
0 0.255098 0.698056 0.043384 0.033693
0 0.131020 0.548596 0.029501 0.022462
0 0.242082 0.558315 0.026030 0.021166
0 0.249675 0.546868 0.024729 0.018143
0 0.275488 0.550540 0.026898 0.028078
0 0.017137 0.573650 0.025597 0.026782
0 0.104121 0.471490 0.036443 0.029806
0 0.243601 0.469978 0.032538 0.031965
0 0.291974 0.507775 0.026030 0.022894
0 0.276790 0.369762 0.030369 0.029374
0 0.698265 0.920518 0.028200 0.028510
0 0.671367 0.952484 0.028200 0.019006
0 0.732321 0.831102 0.029501 0.030238
0 0.754447 0.844708 0.028633 0.026350
0 0.792408 0.793737 0.027332 0.028078
0 0.855965 0.699136 0.031236 0.028078
