0 0.571243 0.924426 0.032915 0.034214
0 0.369641 0.514292 0.038545 0.034214
0 0.407752 0.463621 0.027285 0.034214
0 0.350801 0.432222 0.028584 0.039844
0 0.236466 0.381550 0.035513 0.039844
0 0.086401 0.327198 0.034214 0.038545
0 0.385665 0.129277 0.028151 0.025552
0 0.547640 0.220009 0.027285 0.026851
0 0.588566 0.282373 0.025119 0.024253
0 0.683413 0.256605 0.023387 0.021221
0 0.804461 0.271330 0.026418 0.022954
0 0.722391 0.295366 0.022521 0.022521
0 0.742096 0.323300 0.022954 0.022954
0 0.726722 0.345604 0.022521 0.022521
0 0.697921 0.359463 0.027285 0.022521
0 0.642702 0.334994 0.026851 0.023820
0 0.640104 0.366609 0.024253 0.022087
0 0.747943 0.369857 0.020788 0.021654
0 0.727588 0.407103 0.019922 0.019922
0 0.745128 0.400390 0.018623 0.020355
0 0.743179 0.414465 0.019056 0.013859
0 0.745561 0.425942 0.018623 0.015158
0 0.757471 0.433304 0.021654 0.021221
0 0.812256 0.440234 0.019489 0.022087
0 0.830013 0.440883 0.018623 0.019056
0 0.856215 0.433521 0.021654 0.022521
0 0.873322 0.425725 0.023820 0.022521
0 0.517540 0.365743 0.023387 0.022087
0 0.736899 0.462754 0.024686 0.021221
0 0.716977 0.495453 0.022087 0.021654
0 0.696189 0.514942 0.023820 0.023387
0 0.606323 0.434171 0.022521 0.021221
0 0.634041 0.447163 0.021654 0.022087
0 0.644868 0.466436 0.020788 0.018190
0 0.637722 0.483110 0.021221 0.020355
0 0.600693 0.489173 0.016457 0.016890
0 0.584669 0.462538 0.018190 0.018190
0 0.571460 0.467302 0.017757 0.016457
0 0.551321 0.461239 0.021654 0.021654
0 0.576223 0.486574 0.018623 0.019489
0 0.567562 0.517324 0.021221 0.020355
0 0.548722 0.515591 0.019922 0.019489
0 0.497401 0.538545 0.022087 0.020355
0 0.500433 0.462321 0.020355 0.020355
0 0.622997 0.539628 0.022954 0.022521
0 0.598094 0.556735 0.021654 0.021221
0 0.573841 0.562581 0.022521 0.023387
0 0.467735 0.437852 0.019922 0.018190
0 0.452144 0.437852 0.020788 0.019056
0 0.459723 0.412949 0.024686 0.018623
0 0.421611 0.391078 0.023820 0.021654
0 0.660459 0.582720 0.022521 0.022087
0 0.648982 0.606973 0.027285 0.023820
0 0.844521 0.590732 0.025985 0.023387
0 0.886098 0.596146 0.025985 0.026418
0 0.855132 0.662191 0.026418 0.025119
0 0.833911 0.697705 0.029883 0.027718
0 0.561282 0.663274 0.025985 0.024686
0 0.570810 0.691425 0.027718 0.022954
0 0.572542 0.760069 0.027718 0.022521
0 0.822217 0.835643 0.025552 0.027285
0 0.341923 0.570377 0.025552 0.019922
0 0.331962 0.588566 0.026418 0.018190
0 0.353833 0.587484 0.017324 0.018623
0 0.365093 0.586618 0.017324 0.019489
0 0.385665 0.582070 0.021221 0.020788
0 0.392378 0.612603 0.025985 0.020355
0 0.447380 0.582070 0.019922 0.016457
0 0.448246 0.595712 0.019056 0.016024
0 0.508445 0.624946 0.025119 0.024253
0 0.498268 0.702469 0.025552 0.021654
0 0.293201 0.663924 0.025985 0.022521
0 0.317237 0.701169 0.023820 0.024253
0 0.440667 0.750108 0.026418 0.025985
0 0.212863 0.702469 0.024686 0.021654
0 0.253356 0.751841 0.025985 0.022521
0 0.299913 0.751624 0.023820 0.022087
0 0.152880 0.757904 0.024253 0.025985
0 0.180165 0.775011 0.024253 0.022087
0 0.212430 0.788437 0.022087 0.022087
0 0.243612 0.821135 0.024686 0.020788
0 0.251191 0.840191 0.025119 0.023387
0 0.166955 0.402339 0.022954 0.025119
0 0.334127 0.339757 0.023820 0.026418
0 0.375487 0.303378 0.022521 0.021221
0 0.391078 0.312473 0.022521 0.022954
0 0.403205 0.336509 0.022521 0.019056
0 0.398224 0.350801 0.026418 0.019056
0 0.504547 0.372889 0.023387 0.025119
0 0.926808 0.478779 0.027718 0.023820
0 0.956908 0.468601 0.026418 0.023387
