0 0.690009 0.165028 0.023057 0.022232
0 0.574295 0.198375 0.021349 0.020522
0 0.627455 0.219111 0.024338 0.022659
0 0.654142 0.236640 0.021349 0.020094
0 0.649872 0.261864 0.024765 0.021804
0 0.679334 0.276400 0.023057 0.020094
0 0.628950 0.285165 0.025619 0.020522
0 0.568958 0.285378 0.024338 0.020949
0 0.498719 0.258871 0.023911 0.021804
0 0.435312 0.216973 0.026900 0.023514
0 0.811486 0.278110 0.019214 0.018384
0 0.800171 0.293288 0.021349 0.022232
0 0.883646 0.306541 0.029462 0.024797
0 0.905850 0.286233 0.026900 0.025224
0 0.780743 0.311030 0.021776 0.023514
0 0.764091 0.316375 0.022630 0.018811
0 0.710717 0.330697 0.021776 0.021804
0 0.696200 0.327704 0.015798 0.015819
0 0.692784 0.320436 0.019214 0.015819
0 0.687874 0.306327 0.020495 0.016674
0 0.674210 0.317657 0.018787 0.017101
0 0.703672 0.364900 0.024765 0.022659
0 0.698975 0.404233 0.023057 0.019239
0 0.688087 0.429243 0.023484 0.019667
0 0.852477 0.441642 0.026900 0.021377
0 0.889838 0.429671 0.026473 0.023942
0 0.890478 0.502993 0.026046 0.024369
0 0.681255 0.506627 0.021776 0.017956
0 0.630871 0.480975 0.020922 0.018811
0 0.614646 0.508123 0.020922 0.019239
0 0.678907 0.532493 0.024765 0.021804
0 0.622331 0.423258 0.024338 0.016246
0 0.884500 0.543181 0.027754 0.022659
0 0.574936 0.390338 0.023484 0.020522
0 0.603757 0.391407 0.021349 0.019239
0 0.621477 0.405729 0.021776 0.017956
0 0.565115 0.423899 0.019214 0.016674
0 0.589240 0.443993 0.016225 0.015819
0 0.554227 0.435015 0.016225 0.014964
0 0.566396 0.450406 0.020068 0.019239
0 0.532451 0.437153 0.022203 0.017529
0 0.570026 0.481402 0.020495 0.017956
0 0.553373 0.488457 0.021349 0.014964
0 0.488044 0.458529 0.022203 0.017529
0 0.448121 0.448482 0.018360 0.017101
0 0.429974 0.429243 0.021349 0.021377
0 0.434031 0.454468 0.020068 0.018811
0 0.456874 0.375160 0.025619 0.019239
0 0.594577 0.521377 0.021776 0.019239
0 0.513664 0.528431 0.024765 0.018811
0 0.579419 0.315092 0.025619 0.024797
0 0.466268 0.361052 0.023911 0.019239
0 0.309351 0.360410 0.020922 0.017956
0 0.329419 0.364900 0.021776 0.021804
0 0.349488 0.381360 0.022630 0.019667
0 0.349274 0.394827 0.019641 0.017529
0 0.285867 0.409577 0.025192 0.020522
0 0.387916 0.424113 0.022630 0.022232
0 0.336038 0.486105 0.025619 0.024797
0 0.405209 0.493801 0.024765 0.023087
0 0.210290 0.487174 0.026900 0.021804
0 0.251281 0.195596 0.031170 0.023514
0 0.045687 0.495511 0.025619 0.023942
0 0.155636 0.534630 0.026046 0.022659
0 0.383219 0.554724 0.017506 0.018384
0 0.394321 0.559213 0.019214 0.017956
0 0.383860 0.622274 0.021349 0.020949
0 0.381298 0.642155 0.022203 0.019667
0 0.400726 0.631253 0.015798 0.018384
0 0.410120 0.626764 0.019214 0.018811
0 0.429761 0.613296 0.021776 0.018384
0 0.447481 0.640231 0.023057 0.020094
0 0.487190 0.590637 0.018787 0.015819
0 0.492314 0.601539 0.020495 0.016246
0 0.560845 0.605387 0.025192 0.023942
0 0.622545 0.617358 0.023057 0.021377
0 0.643254 0.641300 0.024338 0.023087
0 0.581127 0.682557 0.023057 0.024369
0 0.670367 0.703720 0.024765 0.024797
0 0.546541 0.748611 0.027327 0.023087
0 0.377028 0.725524 0.024765 0.021377
0 0.413962 0.751389 0.026046 0.025224
0 0.316610 0.795212 0.026046 0.025652
0 0.416311 0.806969 0.024765 0.025224
0 0.374680 0.825139 0.027754 0.027362
0 0.281597 0.869816 0.026046 0.020949
0 0.313834 0.878153 0.023057 0.024797
0 0.350128 0.876657 0.024765 0.021804
0 0.391119 0.894399 0.024765 0.025652
0 0.405850 0.906798 0.024338 0.022232
0 0.735909 0.854639 0.027754 0.024797
0 0.928053 0.673578 0.025192 0.023514
