0 0.046327 0.357741 0.031720 0.032636
0 0.165275 0.319874 0.017529 0.021339
0 0.146703 0.341004 0.026294 0.030962
0 0.095367 0.258996 0.026294 0.028452
0 0.106219 0.239121 0.021285 0.023849
0 0.121870 0.220293 0.033389 0.035565
0 0.154215 0.197908 0.036311 0.031799
0 0.266068 0.190586 0.025459 0.027197
0 0.345993 0.236402 0.028381 0.032636
0 0.383973 0.215690 0.019199 0.023013
0 0.357053 0.201464 0.027129 0.024686
0 0.333681 0.174059 0.021285 0.033473
0 0.283389 0.148117 0.030050 0.034310
0 0.196786 0.161925 0.020451 0.028452
0 0.329925 0.119665 0.026294 0.032636
0 0.354341 0.115900 0.015025 0.017573
0 0.401294 0.110879 0.020451 0.018410
0 0.330968 0.061088 0.030050 0.031799
0 0.453255 0.075941 0.034224 0.042259
0 0.546745 0.074686 0.018364 0.025523
0 0.566569 0.083682 0.024624 0.029289
0 0.621870 0.101255 0.033389 0.032636
0 0.679674 0.077824 0.025459 0.028452
0 0.614566 0.153556 0.027129 0.030962
0 0.591611 0.147490 0.020451 0.026360
0 0.562187 0.147908 0.017529 0.023849
0 0.527337 0.136611 0.025459 0.025523
0 0.517529 0.157531 0.015025 0.023013
0 0.493948 0.159414 0.026294 0.032636
0 0.449708 0.176987 0.025459 0.028452
0 0.448038 0.202510 0.023790 0.030126
0 0.484349 0.222385 0.021285 0.025523
0 0.396703 0.260669 0.027129 0.030126
0 0.546119 0.176360 0.026294 0.025523
0 0.553214 0.209623 0.026294 0.030126
0 0.579090 0.227197 0.023790 0.030126
0 0.602045 0.221548 0.022120 0.025523
0 0.614566 0.196025 0.023790 0.020502
0 0.781511 0.193724 0.024624 0.031799
0 0.829508 0.211925 0.027129 0.038075
0 0.866444 0.242469 0.028381 0.027197
0 0.841194 0.257531 0.023790 0.022176
0 0.868740 0.272594 0.022955 0.023849
0 0.801753 0.289331 0.017529 0.023849
0 0.822412 0.285983 0.021285 0.023849
0 0.821786 0.308159 0.030885 0.022176
0 0.896077 0.290586 0.031720 0.026360
0 0.016694 0.403975 0.015025 0.024686
0 0.037145 0.402092 0.029215 0.031799
0 0.040693 0.429916 0.026294 0.022176
0 0.036937 0.449582 0.020451 0.023849
0 0.059891 0.457113 0.025459 0.021339
0 0.061144 0.485774 0.038815 0.034310
0 0.078047 0.519456 0.031720 0.025523
0 0.094115 0.542887 0.025459 0.024686
0 0.035893 0.566109 0.018364 0.015063
0 0.068656 0.563598 0.020451 0.018410
0 0.125835 0.561088 0.025459 0.029289
0 0.072830 0.584728 0.022955 0.025523
0 0.035267 0.596444 0.025459 0.020502
0 0.027546 0.615900 0.015860 0.017573
0 0.048205 0.617573 0.023790 0.016736
0 0.033180 0.637238 0.011269 0.019247
0 0.050292 0.633891 0.023790 0.012552
0 0.052170 0.650837 0.029215 0.021339
0 0.090359 0.601883 0.022955 0.021339
0 0.094533 0.622385 0.024624 0.024686
0 0.091611 0.641632 0.009599 0.010460
0 0.106636 0.638075 0.022120 0.017573
0 0.094324 0.656067 0.016694 0.015900
0 0.115192 0.653138 0.028381 0.015900
0 0.109349 0.675941 0.046745 0.025523
0 0.106219 0.736611 0.022955 0.021339
0 0.104549 0.761506 0.035476 0.030962
0 0.201586 0.712971 0.031720 0.029289
0 0.228923 0.762971 0.027129 0.024686
0 0.207429 0.782845 0.014190 0.013389
0 0.152963 0.829079 0.022955 0.026360
0 0.136269 0.791841 0.022955 0.020502
0 0.145868 0.807113 0.024624 0.019247
0 0.237688 0.855649 0.024624 0.033473
0 0.289232 0.852301 0.030885 0.030126
0 0.275876 0.819038 0.015025 0.022176
0 0.247078 0.805649 0.015860 0.022176
0 0.257930 0.795816 0.015860 0.030126
0 0.270659 0.793515 0.011269 0.023849
0 0.283598 0.784937 0.021285 0.015900
0 0.286311 0.766736 0.018364 0.022176
0 0.304883 0.753556 0.022120 0.016736
0 0.306344 0.802510 0.019199 0.019247
0 0.338272 0.794979 0.025459 0.018410
0 0.339733 0.865272 0.012521 0.015900
0 0.348497 0.848326 0.019199 0.022176
0 0.373957 0.853556 0.029215 0.030962
0 0.364983 0.899372 0.022120 0.025523
0 0.383765 0.916527 0.020451 0.022176
0 0.346619 0.912762 0.023790 0.020502
0 0.335768 0.931799 0.022120 0.031799
0 0.312396 0.926360 0.022955 0.031799
0 0.437604 0.926569 0.022955 0.037238
0 0.415902 0.917992 0.011269 0.013389
0 0.495618 0.832008 0.020451 0.027197
0 0.470159 0.896234 0.020451 0.031799
0 0.572204 0.893933 0.032554 0.038912
0 0.662980 0.889749 0.037980 0.027197
0 0.685518 0.925523 0.024624 0.030126
0 0.659224 0.923431 0.021285 0.032636
0 0.541110 0.806276 0.025459 0.031799
0 0.515651 0.783473 0.025459 0.025523
0 0.434891 0.803556 0.033389 0.038912
0 0.392112 0.787866 0.011269 0.012552
0 0.381886 0.777615 0.029215 0.025523
0 0.374583 0.758996 0.022120 0.018410
0 0.307805 0.777615 0.022120 0.023849
0 0.297997 0.788703 0.013356 0.015900
0 0.260851 0.696444 0.034224 0.036402
0 0.301336 0.589331 0.030885 0.039749
0 0.180301 0.589331 0.033389 0.022176
0 0.185935 0.607950 0.020451 0.017573
0 0.158806 0.619038 0.022120 0.025523
0 0.176127 0.626778 0.015025 0.015900
0 0.173414 0.643305 0.021285 0.022176
0 0.179674 0.664644 0.023790 0.024686
0 0.199082 0.635356 0.016694 0.020502
0 0.213898 0.649372 0.021285 0.034310
0 0.488940 0.742887 0.024624 0.027197
0 0.529633 0.751674 0.028381 0.025523
0 0.610810 0.731590 0.027129 0.025523
0 0.645242 0.789749 0.030885 0.025523
0 0.643781 0.746025 0.026294 0.031799
0 0.677796 0.708368 0.034224 0.032636
0 0.671953 0.766736 0.018364 0.027197
0 0.686561 0.755439 0.018364 0.022176
0 0.691361 0.779916 0.023790 0.018410
0 0.745618 0.835565 0.021285 0.031799
0 0.760643 0.816109 0.027129 0.024686
0 0.785684 0.826778 0.027129 0.030126
0 0.764816 0.860669 0.026294 0.030962
0 0.840359 0.773849 0.020451 0.020502
0 0.849958 0.754812 0.027129 0.019247
0 0.857888 0.732218 0.037980 0.030962
0 0.384182 0.731381 0.023790 0.030962
0 0.891486 0.685983 0.034224 0.026360
0 0.784432 0.648745 0.024624 0.021339
0 0.632513 0.646234 0.024624 0.024686
0 0.627087 0.668410 0.024624 0.024686
0 0.498748 0.618410 0.012521 0.015063
0 0.418197 0.578661 0.012521 0.013389
0 0.437187 0.564017 0.027129 0.028452
0 0.455968 0.596025 0.026294 0.023013
0 0.359975 0.627406 0.024624 0.026360
0 0.379174 0.648326 0.025459 0.025523
0 0.371035 0.683473 0.030885 0.024686
0 0.440943 0.699372 0.020451 0.024686
0 0.451586 0.682427 0.017529 0.019247
0 0.462646 0.670711 0.009599 0.013389
0 0.480175 0.668828 0.010434 0.007950
0 0.473289 0.676778 0.015025 0.020502
0 0.467863 0.690167 0.018364 0.020502
0 0.489566 0.685983 0.019199 0.024686
0 0.454299 0.656276 0.022955 0.023849
0 0.474958 0.653138 0.018364 0.015900
0 0.484975 0.642259 0.013356 0.016736
0 0.504382 0.643933 0.020451 0.013389
0 0.502087 0.658787 0.019199 0.021339
0 0.520868 0.659623 0.018364 0.024686
0 0.544032 0.634519 0.023790 0.022176
0 0.557387 0.650837 0.020451 0.023013
0 0.787145 0.618828 0.016694 0.014226
0 0.849958 0.615481 0.023790 0.028452
0 0.916945 0.602510 0.015025 0.015063
0 0.907972 0.622385 0.027129 0.026360
0 0.783180 0.598745 0.024624 0.018410
0 0.643781 0.573849 0.022120 0.023013
0 0.631052 0.600628 0.032554 0.025523
0 0.237688 0.502510 0.024624 0.032636
0 0.263147 0.525314 0.024624 0.025523
0 0.309891 0.483264 0.024624 0.029289
0 0.333264 0.488494 0.022120 0.025523
0 0.316152 0.511925 0.024624 0.024686
0 0.358723 0.501674 0.025459 0.030962
0 0.414858 0.442887 0.017529 0.023013
0 0.435935 0.445188 0.022955 0.030962
0 0.723915 0.337866 0.025459 0.037238
0 0.502922 0.400418 0.031720 0.030126
0 0.491027 0.422803 0.025459 0.023849
0 0.529841 0.469874 0.020451 0.029289
0 0.503339 0.460669 0.018364 0.030126
0 0.485810 0.450418 0.018364 0.022176
0 0.461603 0.467155 0.017529 0.025523
0 0.476002 0.492678 0.022120 0.023849
0 0.450960 0.513598 0.026294 0.026360
0 0.796953 0.355649 0.025459 0.034310
0 0.821578 0.346862 0.025459 0.034310
0 0.849958 0.344979 0.025459 0.025523
0 0.877295 0.320711 0.018364 0.024686
0 0.893155 0.319456 0.013356 0.020502
0 0.912563 0.317782 0.025459 0.027197
0 0.901503 0.341213 0.028381 0.024686
0 0.849541 0.394770 0.026294 0.023849
0 0.907972 0.382218 0.025459 0.023849
0 0.926962 0.403347 0.033389 0.030126
0 0.896494 0.448536 0.028381 0.030962
0 0.936352 0.478452 0.022120 0.025523
0 0.917571 0.494770 0.024624 0.023849
0 0.835977 0.461088 0.029215 0.029289
0 0.790275 0.466109 0.024624 0.028452
0 0.724124 0.446862 0.015860 0.016736
0 0.705760 0.428870 0.028381 0.028452
0 0.670492 0.469038 0.026294 0.030962
0 0.690317 0.491841 0.015025 0.023849
0 0.652963 0.490795 0.024624 0.030126
0 0.631052 0.516318 0.028381 0.030126
0 0.605384 0.523222 0.024624 0.021339
0 0.608306 0.550418 0.022120 0.020502
0 0.629591 0.544979 0.023790 0.020502
0 0.609140 0.570921 0.022120 0.020502
0 0.747705 0.509833 0.023790 0.023849
0 0.780676 0.523640 0.021285 0.022176
0 0.936561 0.532008 0.029215 0.023013
0 0.929048 0.565900 0.028381 0.023013
0 0.905885 0.575105 0.022955 0.022176
0 0.754174 0.530126 0.023372 0.017573
0 0.750209 0.546234 0.015442 0.014644
0 0.749165 0.563389 0.020033 0.022176
0 0.770659 0.562762 0.011269 0.014226
0 0.785267 0.572385 0.022120 0.020084
0 0.784015 0.551046 0.026294 0.020084
0 0.555092 0.981799 0.030885 0.025523
