0 0.698009 0.214053 0.028084 0.031148
0 0.503733 0.219486 0.041237 0.048533
0 0.568788 0.262948 0.048347 0.035494
0 0.574653 0.218037 0.042304 0.039841
0 0.660683 0.163709 0.034483 0.039841
0 0.694810 0.173669 0.033772 0.048895
0 0.714184 0.224375 0.027017 0.030786
0 0.803590 0.301340 0.033061 0.041289
0 0.824209 0.325063 0.039460 0.039478
0 0.869712 0.475371 0.036616 0.035857
0 0.952364 0.521369 0.035549 0.043825
0 0.920547 0.534589 0.030217 0.042014
0 0.884998 0.527707 0.037327 0.043463
0 0.841984 0.575335 0.037327 0.036581
0 0.846072 0.607208 0.034127 0.027164
0 0.858159 0.626585 0.031994 0.024629
0 0.837718 0.642521 0.034483 0.035494
0 0.768219 0.614270 0.037682 0.036219
0 0.746534 0.572075 0.036260 0.040927
0 0.768930 0.523180 0.036260 0.035857
0 0.621934 0.580043 0.038038 0.041652
0 0.723071 0.801521 0.036971 0.025353
0 0.711518 0.826512 0.026662 0.037668
0 0.724138 0.818906 0.034127 0.023904
0 0.649485 0.841000 0.029861 0.030424
0 0.305012 0.747374 0.036971 0.039478
0 0.202275 0.511047 0.027017 0.043463
0 0.228582 0.514488 0.021330 0.037305
0 0.333274 0.559761 0.035905 0.030062
0 0.330430 0.586020 0.037327 0.040565
0 0.396729 0.561210 0.036260 0.039478
0 0.409349 0.508511 0.033061 0.026802
0 0.428191 0.584752 0.040882 0.039478
0 0.490935 0.360196 0.036260 0.038030
0 0.525773 0.357298 0.032705 0.040203
