0 0.361336 0.103665 0.046397 0.033508
0 0.481195 0.039092 0.019684 0.015358
0 0.595255 0.050960 0.019332 0.018150
0 0.735501 0.103490 0.024253 0.023386
0 0.804921 0.154799 0.015466 0.011518
0 0.867838 0.234555 0.019684 0.015358
0 0.868190 0.249738 0.029525 0.015707
0 0.890334 0.261606 0.022496 0.017103
0 0.906678 0.286562 0.022847 0.018150
0 0.804218 0.290576 0.030228 0.026178
0 0.911599 0.444852 0.034095 0.024782
0 0.889631 0.482024 0.028822 0.029319
0 0.613533 0.254625 0.036907 0.026178
0 0.554657 0.328970 0.032337 0.028970
0 0.509490 0.468237 0.034095 0.029668
0 0.301582 0.438743 0.030931 0.039092
0 0.171178 0.516405 0.041476 0.033857
0 0.336731 0.627225 0.040070 0.039791
0 0.318629 0.740838 0.034095 0.033857
0 0.247627 0.745375 0.035501 0.027574
0 0.479789 0.636998 0.032337 0.032112
0 0.662390 0.754625 0.027768 0.039791
