0 0.770279 0.768273 0.026585 0.024910
0 0.448875 0.332022 0.029993 0.024254
0 0.480061 0.412488 0.024199 0.022616
0 0.269598 0.294985 0.029312 0.027532
0 0.480402 0.169617 0.026926 0.026549
0 0.160702 0.194035 0.024199 0.024910
0 0.717621 0.217142 0.027607 0.027204
0 0.161895 0.581121 0.030675 0.024254
0 0.190354 0.364143 0.027607 0.026221
0 0.755112 0.125369 0.038514 0.026549
0 0.366394 0.215339 0.025903 0.025565
0 0.669734 0.308096 0.025222 0.024910
0 0.750170 0.294330 0.030675 0.024254
0 0.280164 0.563750 0.023177 0.023599
0 0.386503 0.492461 0.030675 0.023927
0 0.686264 0.570305 0.023517 0.019666
0 0.203476 0.319076 0.023177 0.021304
0 0.571234 0.563586 0.027948 0.023927
0 0.279312 0.599148 0.027607 0.024910
0 0.290900 0.688627 0.031697 0.026221
0 0.899796 0.228286 0.034765 0.029826
0 0.648603 0.055883 0.023858 0.021960
0 0.637185 0.631105 0.031697 0.023271
0 0.231936 0.682071 0.026926 0.024910
0 0.308453 0.544084 0.029312 0.026221
0 0.531868 0.340872 0.026244 0.023599
0 0.309305 0.576696 0.025562 0.023271
0 0.652181 0.366765 0.024199 0.021632
0 0.736878 0.816126 0.019087 0.023599
0 0.113667 0.483120 0.026244 0.020321
0 0.842025 0.312193 0.030334 0.026549
0 0.912747 0.552278 0.029312 0.022943
0 0.321745 0.507047 0.027948 0.026221
0 0.688821 0.354638 0.021813 0.019666
0 0.097648 0.414782 0.034424 0.025893
0 0.271302 0.485906 0.028630 0.025893
0 0.304022 0.437561 0.023858 0.019010
0 0.819359 0.597345 0.027948 0.019338
0 0.194274 0.278269 0.025903 0.025565
0 0.208589 0.708784 0.028630 0.024582
0 0.450579 0.452311 0.028630 0.024910
0 0.150988 0.249754 0.034083 0.024254
0 0.506135 0.465093 0.034083 0.024254
0 0.404226 0.194526 0.025222 0.023927
0 0.850886 0.505408 0.026926 0.022943
0 0.181834 0.458374 0.033061 0.028515
0 0.751022 0.561127 0.026244 0.021632
0 0.130879 0.510161 0.032038 0.024582
0 0.159168 0.546378 0.022495 0.022943
0 0.734322 0.429695 0.022836 0.020321
0 0.872359 0.662242 0.024881 0.020649
0 0.263633 0.398394 0.030334 0.025238
0 0.054874 0.540970 0.028630 0.025893
0 0.186776 0.244346 0.021813 0.016716
0 0.670757 0.601934 0.021813 0.018027
0 0.555556 0.499181 0.034083 0.030810
0 0.134969 0.566699 0.020450 0.021632
0 0.709782 0.436414 0.021472 0.021304
0 0.185242 0.517371 0.026926 0.019338
0 0.186605 0.688791 0.029652 0.025238
0 0.731595 0.478696 0.026926 0.032448
0 0.891104 0.493117 0.027607 0.025893
0 0.777607 0.576041 0.028289 0.025893
0 0.825665 0.633727 0.028971 0.019338
0 0.517723 0.185513 0.029312 0.027532
0 0.757328 0.804326 0.021813 0.021632
0 0.701091 0.604392 0.021813 0.019010
0 0.655419 0.524254 0.021132 0.019338
0 0.903545 0.449033 0.034083 0.024254
0 0.719155 0.581121 0.021813 0.019666
0 0.693763 0.503441 0.026926 0.018355
0 0.728357 0.510324 0.027948 0.032776
0 0.825494 0.630121 0.019087 0.017371
0 0.334867 0.449525 0.022836 0.018027
0 0.728528 0.453622 0.017382 0.027532
0 0.637014 0.551622 0.024540 0.022288
0 0.507839 0.180924 0.021132 0.028187
0 0.714213 0.542281 0.024881 0.024582
0 0.682004 0.371681 0.025903 0.022288
0 0.632243 0.536545 0.017723 0.017044
0 0.127130 0.502458 0.022495 0.017699
0 0.157123 0.512455 0.030675 0.021304
0 0.635821 0.548181 0.017382 0.015405
0 0.648603 0.463291 0.026585 0.021304
0 0.215065 0.347591 0.021813 0.021304
0 0.729209 0.468043 0.015337 0.020977
0 0.648091 0.451655 0.028289 0.020977
0 0.335037 0.443953 0.018405 0.014749
0 0.319018 0.456735 0.019087 0.018027
0 0.174506 0.513602 0.025222 0.022943
0 0.390252 0.197312 0.019087 0.020321
