0 0.16267876787678767 0.312375 0.012376237623762377 0.01125
0 0.3032178217821782 0.299125 0.011276127612761276 0.01025
0 0.3543729372937294 0.318875 0.011276127612761276 0.01025
0 0.3418591859185919 0.33125 0.00935093509350935 0.0085
0 0.3353960396039604 0.327625 0.008525852585258526 0.00775
0 0.3348459845984598 0.334625 0.010176017601760175 0.00925
0 0.34502200220022 0.341375 0.008525852585258526 0.00775
0 0.34213421342134215 0.3465 0.00935093509350935 0.0085
0 0.3983773377337734 0.346125 0.008525852585258526 0.00775
0 0.3893014301430143 0.346125 0.010176017601760175 0.00925
0 0.4102035203520352 0.313125 0.011276127612761276 0.01025
0 0.37665016501650167 0.371875 0.011276127612761276 0.01025
0 0.37775027502750275 0.360125 0.006875687568756876 0.01025
0 0.3716996699669967 0.359625 0.007975797579757976 0.00925
0 0.37857535753575355 0.400625 0.011276127612761276 0.01025
0 0.445957095709571 0.416125 0.011276127612761276 0.01025
0 0.4720847084708471 0.381375 0.010176017601760175 0.00925
0 0.4907865786578658 0.344875 0.010176017601760175 0.00925
0 0.5193894389438944 0.278875 0.011276127612761276 0.01025
0 0.5325907590759076 0.404125 0.010176017601760175 0.00925
0 0.5286028602860287 0.4145 0.00935093509350935 0.0085
0 0.518014301430143 0.421625 0.010176017601760175 0.00925
0 0.5154015401540154 0.392 0.007700770077007701 0.007
0 0.5130638063806381 0.389125 0.010176017601760175 0.00925
0 0.5174642464246425 0.469375 0.010176017601760175 0.00925
0 0.5191144114411441 0.488375 0.012376237623762377 0.01125
0 0.722084708470847 0.339875 0.010176017601760175 0.00925
0 0.6948569856985699 0.370125 0.010176017601760175 0.00925
0 0.7194719471947195 0.36325 0.00935093509350935 0.0085
0 0.7157590759075908 0.370125 0.008525852585258526 0.00775
0 0.7109460946094609 0.375 0.00935093509350935 0.0085
0 0.7026952695269527 0.383 0.00935093509350935 0.0085
0 0.6970572057205721 0.388625 0.008525852585258526 0.00775
0 0.7095709570957096 0.39425 0.00935093509350935 0.0085
0 0.7262101210121013 0.386625 0.006875687568756876 0.00625
0 0.7253850385038504 0.381375 0.008525852585258526 0.00775
0 0.7275852585258525 0.391375 0.010176017601760175 0.00925
0 0.7663641364136413 0.398125 0.010176017601760175 0.00925
0 0.18165566556655666 0.457875 0.011276127612761276 0.01025
0 0.19155665566556657 0.472125 0.011276127612761276 0.01025
0 0.27736523652365236 0.517875 0.012376237623762377 0.01125
0 0.3686743674367437 0.553875 0.012376237623762377 0.01125
0 0.4029152915291529 0.54925 0.013751375137513752 0.0125
0 0.1976072607260726 0.665375 0.012376237623762377 0.01125
0 0.3155940594059406 0.691875 0.012376237623762377 0.01125
0 0.32136963696369636 0.677875 0.012376237623762377 0.01125
0 0.32907040704070406 0.689875 0.012376237623762377 0.01125
0 0.29056655665566555 0.751875 0.012376237623762377 0.01125
0 0.3540979097909791 0.700125 0.012376237623762377 0.01125
0 0.3816006600660066 0.726625 0.012376237623762377 0.01125
0 0.4027777777777778 0.726125 0.012376237623762377 0.01125
0 0.3882013201320132 0.700625 0.012376237623762377 0.01125
0 0.3773377337733773 0.70425 0.013751375137513752 0.0125
0 0.34845984598459845 0.72575 0.012651265126512651 0.0095
0 0.3503850385038504 0.732875 0.013751375137513752 0.01025
0 0.3474972497249725 0.763375 0.009075907590759076 0.01125
0 0.34007150715071505 0.762125 0.010726072607260726 0.01375
0 0.40594059405940597 0.82375 0.013751375137513752 0.0125
0 0.5057755775577558 0.8055 0.013751375137513752 0.0125
0 0.5294279427942794 0.80425 0.013751375137513752 0.0125
0 0.5187018701870187 0.7615 0.013751375137513752 0.0125
0 0.5342409240924092 0.749875 0.012376237623762377 0.01125
0 0.46328382838283827 0.723625 0.012376237623762377 0.01125
0 0.49023652365236525 0.719625 0.012376237623762377 0.01125
0 0.4891364136413641 0.733875 0.012376237623762377 0.01125
0 0.46795929592959296 0.746875 0.011276127612761276 0.01025
0 0.45805830583058305 0.750375 0.011276127612761276 0.01025
0 0.44788228822882287 0.754875 0.011276127612761276 0.01025
0 0.43853135313531355 0.760875 0.012376237623762377 0.01125
0 0.5017876787678768 0.750875 0.011276127612761276 0.01025
0 0.4962871287128713 0.747125 0.010176017601760175 0.00925
0 0.6274752475247525 0.785875 0.012376237623762377 0.01125
0 0.5192519251925193 0.662 0.013751375137513752 0.0125
0 0.5374037403740374 0.66875 0.013751375137513752 0.0125
0 0.6745049504950495 0.662125 0.012376237623762377 0.01125
0 0.6871562156215621 0.653375 0.012376237623762377 0.01125
0 0.6595159515951595 0.62175 0.013751375137513752 0.0125
0 0.6519526952695269 0.571375 0.010176017601760175 0.00925
0 0.7278602860286029 0.569375 0.012376237623762377 0.01125
0 0.7255225522552256 0.533 0.00935093509350935 0.0085
0 0.7196094609460946 0.524375 0.010176017601760175 0.00925
0 0.7534378437843784 0.505625 0.011276127612761276 0.01025
0 0.6916941694169417 0.516125 0.007150715071507151 0.01025
0 0.698982398239824 0.514625 0.008525852585258526 0.00775
0 0.6992574257425742 0.519875 0.008525852585258526 0.00775
0 0.6841309130913091 0.513875 0.011276127612761276 0.01025
0 0.6967821782178217 0.529375 0.010176017601760175 0.01125
0 0.6874312431243125 0.531875 0.011276127612761276 0.01025
0 0.7040704070407041 0.53275 0.007700770077007701 0.007
0 0.7075082508250825 0.529125 0.008525852585258526 0.00775
0 0.6874312431243125 0.549125 0.010176017601760175 0.00925
0 0.698982398239824 0.546875 0.010176017601760175 0.00925
0 0.7119086908690869 0.548125 0.010176017601760175 0.00925
0 0.7064081408140814 0.539625 0.008525852585258526 0.00775
0 0.7112211221122112 0.53875 0.00935093509350935 0.0085