0 0.25103183962264153 0.353 0.013856132075471699 0.012
0 0.2270047169811321 0.432 0.015035377358490566 0.013
0 0.1960495283018868 0.45 0.012087264150943397 0.011
0 0.21005306603773585 0.458 0.010023584905660377 0.009
0 0.21403301886792453 0.592 0.013856132075471699 0.012
0 0.1799823113207547 0.642 0.013856132075471699 0.012
0 0.19398584905660377 0.696 0.010023584905660377 0.009
0 0.19796580188679244 0.7 0.010023584905660377 0.009
0 0.5999410377358491 0.769 0.012087264150943397 0.011
0 0.5610259433962265 0.656 0.013856132075471699 0.012
0 0.5880011792452831 0.535 0.012087264150943397 0.011
0 0.5160672169811321 0.464 0.013856132075471699 0.012
0 0.5599941037735849 0.437 0.012087264150943397 0.011
0 0.5679540094339622 0.416 0.012087264150943397 0.011
0 0.3290094339622642 0.63 0.012087264150943397 0.011
0 0.4669811320754717 0.607 0.013856132075471699 0.012
0 0.45902122641509435 0.583 0.013856132075471699 0.012
0 0.6180719339622641 0.306 0.012087264150943397 0.011
0 0.625 0.266 0.010908018867924528 0.01
0 0.5089917452830188 0.229 0.010908018867924528 0.01
0 0.7270047169811321 0.347 0.013856132075471699 0.012
0 0.7809551886792453 0.432 0.013856132075471699 0.012
0 0.23496462264150944 0.329 0.03803066037735849 0.032
0 0.4189268867924528 0.328 0.045990566037735846 0.039
0 0.4690448113207547 0.378 0.04186320754716981 0.035
0 0.3409492924528302 0.424 0.045990566037735846 0.039
0 0.2920106132075472 0.409 0.045990566037735846 0.039
0 0.25795990566037735 0.407 0.045990566037735846 0.039
0 0.24307193396226415 0.487 0.06102594339622641 0.052
0 0.19693396226415094 0.489 0.06102594339622641 0.052
0 0.10996462264150944 0.575 0.033903301886792456 0.029
0 0.27903891509433965 0.604 0.06102594339622641 0.052
0 0.1799823113207547 0.696 0.028007075471698114 0.024
0 0.20695754716981132 0.709 0.033903301886792456 0.029
0 0.6379716981132075 0.641 0.03803066037735849 0.032
0 0.6350235849056604 0.587 0.030955188679245283 0.026
0 0.5300707547169812 0.61 0.055129716981132074 0.047
0 0.7040094339622641 0.423 0.045990566037735846 0.039
0 0.7000294811320755 0.391 0.04186320754716981 0.035
0 0.47096108490566035 0.267 0.045990566037735846 0.039
0 0.30203419811320753 0.257 0.030955188679245283 0.026