0 0.4323547215496368 0.378625 0.015435835351089588 0.01275
0 0.3432203389830508 0.36125 0.012711864406779662 0.0105
0 0.34518765133171914 0.317875 0.014225181598062953 0.01175
0 0.5059019370460048 0.314625 0.015435835351089588 0.01275
0 0.5594733656174334 0.372875 0.014225181598062953 0.01175
0 0.68840799031477 0.317875 0.014225181598062953 0.01175
0 0.6212167070217918 0.289625 0.014225181598062953 0.01175
0 0.7484866828087167 0.3875 0.012711864406779662 0.0105
0 0.6572336561743342 0.553625 0.014225181598062953 0.01175
0 0.636047215496368 0.678375 0.014225181598062953 0.01175
0 0.6375605326876513 0.688125 0.014225181598062953 0.01175
0 0.7204903147699758 0.713125 0.011803874092009685 0.00975
0 0.5328389830508474 0.704125 0.014225181598062953 0.01175
0 0.40511501210653755 0.795125 0.014225181598062953 0.01175
0 0.5036319612590799 0.61875 0.012711864406779662 0.0105
0 0.4391646489104116 0.547 0.012711864406779662 0.0105
0 0.21988498789346247 0.642375 0.011803874092009685 0.00975
0 0.17130750605326878 0.6175 0.012711864406779662 0.0105
0 0.11470944309927361 0.5535 0.012711864406779662 0.0105
0 0.2828389830508475 0.522625 0.014225181598062953 0.01175
0 0.19945520581113801 0.472 0.012711864406779662 0.0105
0 0.12651331719128328 0.45725 0.012711864406779662 0.0105
0 0.11440677966101695 0.4755 0.012711864406779662 0.0105
0 0.14376513317191283 0.3625 0.012711864406779662 0.0105
0 0.18038740920096852 0.352 0.012711864406779662 0.0105
0 0.2076271186440678 0.3315 0.012711864406779662 0.0105
0 0.2769370460048426 0.265 0.012711864406779662 0.0105
0 0.3389830508474576 0.22825 0.012711864406779662 0.0105
0 0.6130447941888619 0.473625 0.014225181598062953 0.01175