0 0.3270254287403903 0.509 0.013897102306327618 0.012
0 0.40005913660555886 0.528 0.01212300413956239 0.01
0 0.4380544056771141 0.616 0.01212300413956239 0.01
0 0.36797752808988765 0.646 0.01212300413956239 0.011
0 0.32303370786516855 0.609 0.01212300413956239 0.01
0 0.2300413956238912 0.58 0.01212300413956239 0.01
0 0.22294500295683028 0.554 0.008870490833826138 0.007
0 0.1790360733293909 0.535 0.010053222945002957 0.009
0 0.2040212891780012 0.482 0.013897102306327618 0.012
0 0.17105263157894737 0.447 0.010053222945002957 0.009
0 0.15198107628622118 0.483 0.008870490833826138 0.008
0 0.22397989355411 0.438 0.008870490833826138 0.008
0 0.2579834417504435 0.324 0.008870490833826138 0.008
0 0.24497338852749853 0.296 0.008870490833826138 0.008
0 0.34003548196333533 0.341 0.010053222945002957 0.009
0 0.4529863985807215 0.207 0.013897102306327618 0.012
0 0.5090183323477232 0.28 0.01212300413956239 0.01
0 0.48506800709639264 0.296 0.01212300413956239 0.01
0 0.6649911295091662 0.352 0.013897102306327618 0.012
0 0.5619455943228858 0.404 0.01212300413956239 0.01
0 0.6800709639266707 0.464 0.01212300413956239 0.011
0 0.7649319929036074 0.442 0.01212300413956239 0.011
0 0.5990538143110585 0.497 0.01212300413956239 0.01
0 0.6740094618568894 0.548 0.01212300413956239 0.01
0 0.5869308101714962 0.585 0.010053222945002957 0.009
0 0.739946777054997 0.648 0.01212300413956239 0.011
0 0.39399763453577763 0.704 0.010053222945002957 0.009
0 0.33796570076877586 0.74 0.010053222945002957 0.009
0 0.25103489059727974 0.701 0.008870490833826138 0.007
0 0.14606741573033707 0.684 0.008870490833826138 0.008
0 0.3639858072146659 0.384 0.01212300413956239 0.01
0 0.4809284447072738 0.631 0.010053222945002957 0.009
0 0.45993494973388527 0.33 0.041986989946777055 0.035
0 0.42193968066233 0.295 0.046126552335895916 0.039
0 0.39503252513305737 0.226 0.046126552335895916 0.039
0 0.23905972797161443 0.256 0.041986989946777055 0.035
0 0.17800118273211119 0.358 0.0508574807806032 0.043
0 0.13704908338261385 0.51 0.046126552335895916 0.039
0 0.2489651094027203 0.547 0.0508574807806032 0.043
0 0.13793613246599645 0.59 0.046126552335895916 0.039
0 0.20697811945594322 0.623 0.0508574807806032 0.043
0 0.2430514488468362 0.631 0.046126552335895916 0.039
0 0.289030159668835 0.618 0.046126552335895916 0.039
0 0.3610289769367238 0.539 0.0508574807806032 0.043
0 0.42903607332939087 0.541 0.05588409225310467 0.047
0 0.46392667060910703 0.53 0.038143110585452396 0.032
0 0.5079834417504435 0.534 0.046126552335895916 0.039
0 0.4979302188054406 0.613 0.05588409225310467 0.047
0 0.5690419869899468 0.714 0.038143110585452396 0.032
0 0.5209934949733885 0.76 0.041986989946777055 0.035
0 0.6080721466587817 0.773 0.041986989946777055 0.035
0 0.6630691898285038 0.685 0.038143110585452396 0.032
0 0.6670609107037256 0.645 0.046126552335895916 0.039
0 0.6320224719101124 0.632 0.038143110585452396 0.032
0 0.6620342992312241 0.587 0.041986989946777055 0.035
0 0.6389710230632761 0.52 0.05588409225310467 0.047
0 0.5759905381431106 0.394 0.0508574807806032 0.043
0 0.6410408042578356 0.287 0.0508574807806032 0.043