0 0.2619701128392803 0.494 0.013113754193351632 0.011
0 0.23193046660567246 0.493 0.011893870082342177 0.01
0 0.1430314120158585 0.481 0.013113754193351632 0.011
0 0.25007624275693807 0.441 0.013113754193351632 0.011
0 0.21805428484293993 0.399 0.014028667276608722 0.012
0 0.24702653247941445 0.385 0.011893870082342177 0.01
0 0.22705093016163463 0.381 0.015858493443122904 0.013
0 0.22598353156450138 0.366 0.013113754193351632 0.011
0 0.3470570295821897 0.28 0.013113754193351632 0.011
0 0.43000914913083255 0.301 0.014028667276608722 0.012
0 0.6239707227813358 0.334 0.017078377554132357 0.014
0 0.645928636779506 0.369 0.015858493443122904 0.013
0 0.765934736200061 0.52 0.013113754193351632 0.011
0 0.7349801768831961 0.548 0.011893870082342177 0.01
0 0.6320524550167734 0.509 0.013113754193351632 0.011
0 0.5890515401036901 0.517 0.013113754193351632 0.011
0 0.7209515096065874 0.662 0.010064043915827997 0.008
0 0.7450442207990241 0.654 0.009149130832570906 0.007
0 0.6090271424214699 0.717 0.011893870082342177 0.01
0 0.4559316864897835 0.738 0.011893870082342177 0.01
0 0.4800243976822202 0.629 0.014028667276608722 0.012
0 0.35300396462336076 0.644 0.013113754193351632 0.011
0 0.18603232692894175 0.703 0.014028667276608722 0.012
0 0.281030802073803 0.647 0.013113754193351632 0.011
0 0.41994510521500455 0.52 0.013113754193351632 0.011
0 0.4569990850869167 0.502 0.010978956999085087 0.009
0 0.5010673985971332 0.547 0.011893870082342177 0.01
0 0.5300396462336078 0.481 0.014028667276608722 0.012
0 0.5160109789569991 0.446 0.011893870082342177 0.01
0 0.4339737724916133 0.205 0.014028667276608722 0.012
0 0.5849344312290332 0.374 0.028972247636474536 0.024
0 0.6000304971027752 0.38 0.021957913998170174 0.018
0 0.5930161634644708 0.483 0.06312900274473925 0.052
0 0.5230253125953035 0.478 0.05702958218969198 0.047
0 0.6119243671851174 0.577 0.06312900274473925 0.052
0 0.5640439158279963 0.701 0.05702958218969198 0.047
0 0.6829826166514181 0.69 0.01799329063738945 0.015
0 0.4409881061299177 0.659 0.05215004574565416 0.043
0 0.3870082342177493 0.649 0.05702958218969198 0.047
0 0.27294906983836537 0.712 0.04788045135712107 0.039
0 0.2689844464775846 0.748 0.03903629155230253 0.032