0 0.3139740566037736 0.749 0.012087264150943397 0.011
0 0.27903891509433965 0.526 0.010023584905660377 0.009
0 0.25 0.436 0.010023584905660377 0.009
0 0.5769457547169812 0.465 0.009139150943396226 0.007
0 0.7600235849056604 0.583 0.010908018867924528 0.01
0 0.5909492924528302 0.393 0.007959905660377358 0.006
0 0.4910082547169811 0.211 0.033903301886792456 0.029
0 0.5459905660377359 0.246 0.030955188679245283 0.026
0 0.6210200471698113 0.318 0.045990566037735846 0.039
0 0.7470518867924528 0.445 0.03803066037735849 0.032
0 0.6120283018867925 0.509 0.03803066037735849 0.032
0 0.6419516509433962 0.568 0.03803066037735849 0.032
0 0.5790094339622641 0.574 0.028007075471698114 0.024
0 0.5890330188679245 0.687 0.033903301886792456 0.029
0 0.5800412735849056 0.728 0.03803066037735849 0.032
0 0.5439268867924528 0.735 0.03803066037735849 0.032
0 0.5539504716981132 0.772 0.04186320754716981 0.035
0 0.48702830188679247 0.763 0.03803066037735849 0.032
0 0.46196933962264153 0.731 0.04186320754716981 0.035
0 0.21992924528301888 0.772 0.045990566037735846 0.039
0 0.19899764150943397 0.635 0.025943396226415096 0.022
0 0.29702240566037735 0.34 0.05011792452830189 0.043
0 0.2800707547169811 0.403 0.055129716981132074 0.047
0 0.3310731132075472 0.402 0.05011792452830189 0.043