0 0.30194610778443115 0.39 0.017065868263473054 0.014
0 0.3630239520958084 0.38 0.017065868263473054 0.014
0 0.26901197604790417 0.448 0.017065868263473054 0.014
0 0.25299401197604793 0.463 0.017065868263473054 0.014
0 0.36002994011976047 0.565 0.017065868263473054 0.014
0 0.3850299401197605 0.559 0.017065868263473054 0.014
0 0.45 0.548 0.017065868263473054 0.014
0 0.31796407185628744 0.591 0.017065868263473054 0.014
0 0.35 0.586 0.017065868263473054 0.014
0 0.5119760479041916 0.651 0.017065868263473054 0.014
0 0.35598802395209583 0.697 0.017065868263473054 0.014
0 0.29505988023952096 0.673 0.017065868263473054 0.014
0 0.42604790419161676 0.731 0.017065868263473054 0.014
0 0.5369760479041916 0.762 0.017065868263473054 0.014
0 0.5940119760479042 0.747 0.011976047904191617 0.01
0 0.35598802395209583 0.735 0.014970059880239521 0.013
0 0.07305389221556886 0.423 0.01407185628742515 0.012
0 0.26706586826347306 0.3 0.014970059880239521 0.013
0 0.22305389221556887 0.29 0.014970059880239521 0.013
0 0.4029940119760479 0.316 0.014970059880239521 0.013
0 0.45 0.287 0.017065868263473054 0.014
0 0.5920658682634731 0.355 0.011976047904191617 0.01
0 0.7029940119760479 0.37 0.017065868263473054 0.014
0 0.7040419161676646 0.426 0.009880239520958085 0.008
0 0.6369760479041916 0.464 0.017065868263473054 0.014
0 0.5730538922155689 0.47 0.014970059880239521 0.013
0 0.5290419161676647 0.539 0.017065868263473054 0.014
0 0.47095808383233534 0.525 0.017065868263473054 0.014
0 0.5190119760479042 0.487 0.014970059880239521 0.013
0 0.4690119760479042 0.465 0.017065868263473054 0.014
0 0.6320359281437126 0.636 0.012874251497005988 0.011
0 0.7410179640718563 0.63 0.01407185628742515 0.012
0 0.23502994011976047 0.301 0.06197604790419162 0.052
0 0.15793413173652696 0.298 0.03802395209580838 0.032
0 0.4899700598802395 0.291 0.06197604790419162 0.052
0 0.607934131736527 0.261 0.041916167664670656 0.035
0 0.5679640718562874 0.333 0.06796407185628743 0.057
0 0.4839820359281437 0.349 0.05598802395209581 0.047
0 0.5510479041916168 0.387 0.041916167664670656 0.035
0 0.5329341317365269 0.399 0.05598802395209581 0.047
0 0.4940119760479042 0.395 0.06197604790419162 0.052
0 0.6630239520958083 0.489 0.06796407185628743 0.057
0 0.4880239520958084 0.555 0.06197604790419162 0.052
0 0.41407185628742516 0.581 0.08293413173652694 0.069
0 0.39401197604790417 0.62 0.009880239520958085 0.008
0 0.46706586826347307 0.661 0.08293413173652694 0.069
0 0.5609281437125748 0.75 0.0748502994011976 0.062
0 0.36002994011976047 0.792 0.05598802395209581 0.047
0 0.325 0.739 0.06796407185628743 0.057
0 0.6359281437125749 0.672 0.04610778443113772 0.039
0 0.21601796407185628 0.677 0.041916167664670656 0.035
0 0.18098802395209582 0.662 0.04610778443113772 0.039
0 0.1630239520958084 0.692 0.04610778443113772 0.039
0 0.14895209580838323 0.538 0.08293413173652694 0.069
0 0.09296407185628743 0.497 0.06197604790419162 0.052
0 0.06497005988023952 0.562 0.04610778443113772 0.039