2 0.211259765625 0.49755859375 0.04498046875 0.0478515625
2 0.301572265625 0.54150390625 0.0479443359375 0.0634765625
2 0.68138671875 0.54248046875 0.0422265625 0.0419921875
2 0.6345166015625 0.5478515625 0.0304931640625 0.03125
2 0.6467138671875 0.57861328125 0.0583544921875 0.0498046875
2 0.524189453125 0.5986328125 0.05193359375 0.044921875
2 0.7468017578125 0.5986328125 0.0481103515625 0.048828125
2 0.58033203125 0.6279296875 0.0373095703125 0.037109375
2 0.628173828125 0.65869140625 0.0314697265625 0.0361328125
2 0.211748046875 0.671875 0.05376953125 0.05078125
2 0.6608837890625 0.68994140625 0.0422216796875 0.0439453125
2 0.532978515625 0.71337890625 0.0499853515625 0.0498046875
2 0.739482421875 0.71875 0.05298828125 0.048828125
2 0.192705078125 0.72705078125 0.0391162109375 0.0341796875
2 0.5988818359375 0.73486328125 0.041220703125 0.0400390625
2 0.1736669921875 0.75341796875 0.0459423828125 0.0380859375
2 0.79513671875 0.771484375 0.0491064453125 0.052734375
2 0.6789453125 0.7783203125 0.0490625 0.044921875
2 0.2288330078125 0.80224609375 0.041083984375 0.0439453125
2 0.633046875 0.8134765625 0.04078125 0.041015625
2 0.4787890625 0.82958984375 0.0489892578125 0.0458984375
2 0.67064453125 0.83349609375 0.0422216796875 0.0400390625
2 0.299130859375 0.8359375 0.0469677734375 0.05078125
2 0.776083984375 0.83935546875 0.0475634765625 0.0439453125
2 0.6916357421875 0.8662109375 0.0490673828125 0.041015625
2 0.4944091796875 0.87939453125 0.039228515625 0.0263671875
2 0.66966796875 0.904296875 0.0500341796875 0.0390625
2 0.4885400390625 0.1484375 0.0525537109375 0.0546875
2 0.5383447265625 0.154296875 0.0548681640625 0.05859375
2 0.7048193359375 0.169921875 0.052001953125 0.05078125
2 0.6740576171875 0.18310546875 0.029052734375 0.0361328125
2 0.6598974609375 0.22314453125 0.047607421875 0.0498046875
2 0.5866650390625 0.26123046875 0.0573974609375 0.0556640625
2 0.4221484375 0.29150390625 0.056484375 0.0556640625
2 0.7707177734375 0.29638671875 0.044638671875 0.0439453125
2 0.6413525390625 0.3056640625 0.0539306640625 0.044921875
2 0.5412646484375 0.3310546875 0.0525341796875 0.0546875
2 0.77169921875 0.33935546875 0.0490966796875 0.0419921875
2 0.841513671875 0.341796875 0.05595703125 0.05078125
2 0.4060498046875 0.341796875 0.063603515625 0.0546875
2 0.5788671875 0.3515625 0.051953125 0.052734375
2 0.4826904296875 0.357421875 0.0353173828125 0.033203125
2 0.1385107421875 0.35986328125 0.045849609375 0.0458984375
2 0.1741552734375 0.37890625 0.039111328125 0.037109375
2 0.167802734375 0.41357421875 0.04779296875 0.0302734375
2 0.3464794921875 0.41650390625 0.0613916015625 0.0693359375
2 0.3728515625 0.43896484375 0.0460205078125 0.0517578125
2 0.1726904296875 0.4404296875 0.0498486328125 0.044921875
2 0.25421875 0.4677734375 0.0528076171875 0.05078125
2 0.836630859375 0.48681640625 0.0657177734375 0.0498046875