2 0.3131982421875 0.511474609375 0.0687158203125 0.06103515625
2 0.23142578125 0.52490234375 0.0418359375 0.048828125
2 0.62076171875 0.53955078125 0.0737109375 0.068359375
2 0.122802734375 0.543212890625 0.0491162109375 0.04150390625
2 0.4120556640625 0.595703125 0.0614306640625 0.0634765625
2 0.2582763671875 0.62255859375 0.041845703125 0.048828125
2 0.1057177734375 0.626220703125 0.053994140625 0.07568359375
2 0.5267822265625 0.675048828125 0.0810009765625 0.06103515625
2 0.4706298828125 0.704345703125 0.065478515625 0.05126953125
2 0.7367041015625 0.709228515625 0.0761962890625 0.08056640625
2 0.5817041015625 0.726318359375 0.0736962890625 0.07568359375
2 0.8099169921875 0.7861328125 0.0751171875 0.068359375
2 0.2753662109375 0.79833984375 0.076025390625 0.0537109375
2 0.57072265625 0.80810546875 0.081015625 0.05859375
2 0.2155615234375 0.8251953125 0.058916015625 0.078125
2 0.6903271484375 0.869140625 0.061533203125 0.0537109375
2 0.5756005859375 0.872802734375 0.0663720703125 0.05126953125
2 0.6219775390625 0.89111328125 0.0566259765625 0.0634765625
2 0.6195361328125 0.146484375 0.06638671875 0.0537109375
2 0.4510986328125 0.1611328125 0.0459619140625 0.0390625
2 0.557294921875 0.18798828125 0.06880859375 0.068359375
2 0.3241845703125 0.18798828125 0.056513671875 0.05859375
2 0.5035791015625 0.19775390625 0.06302734375 0.0537109375
2 0.654931640625 0.19775390625 0.04931640625 0.048828125
2 0.6988671875 0.224609375 0.0493310546875 0.0439453125
2 0.5621630859375 0.240478515625 0.0581201171875 0.04638671875
2 0.750126953125 0.25146484375 0.0591162109375 0.0634765625
2 0.596337890625 0.272216796875 0.0483447265625 0.05126953125
2 0.4535498046875 0.27587890625 0.0565576171875 0.0537109375
2 0.64638671875 0.28564453125 0.0517529296875 0.0537109375
2 0.43158203125 0.3515625 0.0419091796875 0.0537109375
2 0.5157958984375 0.35400390625 0.0639111328125 0.048828125
2 0.292451171875 0.390625 0.06138671875 0.0732421875
2 0.80748046875 0.399169921875 0.0751171875 0.06591796875
2 0.641494140625 0.426025390625 0.0507666015625 0.06103515625
2 0.34859375 0.42724609375 0.06140625 0.09765625
2 0.5206787109375 0.450439453125 0.0590283203125 0.06103515625
2 0.4596533203125 0.4541015625 0.05900390625 0.048828125
2 0.6805615234375 0.455322265625 0.051767578125 0.06103515625
2 0.1789453125 0.472412109375 0.0637841796875 0.06103515625