2 0.659482421875 0.4949951171875 0.0539794921875 0.054931640625
2 0.1786181640625 0.501708984375 0.051357421875 0.04150390625
2 0.5526904296875 0.517578125 0.0527197265625 0.06591796875
2 0.3812158203125 0.523681640625 0.044111328125 0.04638671875
2 0.149326171875 0.5804443359375 0.05134765625 0.052490234375
2 0.8846630859375 0.5865478515625 0.060166015625 0.062255859375
2 0.5972412109375 0.5914306640625 0.056396484375 0.057373046875
2 0.52705078125 0.6103515625 0.0473681640625 0.0439453125
2 0.781533203125 0.6256103515625 0.05646484375 0.054931640625
2 0.527060546875 0.6475830078125 0.0429443359375 0.032958984375
2 0.8620849609375 0.6500244140625 0.0540576171875 0.047607421875
2 0.7223291015625 0.653076171875 0.047294921875 0.05126953125
2 0.414169921875 0.6671142578125 0.05876953125 0.047607421875
2 0.7674951171875 0.675048828125 0.0527978515625 0.04638671875
2 0.8224072265625 0.67626953125 0.0472607421875 0.04638671875
2 0.2036376953125 0.6854248046875 0.055029296875 0.052490234375
2 0.58076171875 0.6884765625 0.0576123046875 0.05615234375
2 0.8663525390625 0.69091796875 0.0503955078125 0.04638671875
2 0.2683203125 0.6988525390625 0.04041015625 0.040283203125
2 0.729052734375 0.7000732421875 0.05400390625 0.045166015625
2 0.412939453125 0.71044921875 0.0583935546875 0.05615234375
2 0.464208984375 0.733642578125 0.05634765625 0.06591796875
2 0.2847998046875 0.7391357421875 0.0514013671875 0.047607421875
2 0.6881640625 0.7421875 0.0649755859375 0.05859375
2 0.3702197265625 0.767822265625 0.0462060546875 0.05126953125
2 0.256728515625 0.8013916015625 0.0489453125 0.047607421875
2 0.569169921875 0.80810546875 0.05150390625 0.048828125
2 0.3909814453125 0.8160400390625 0.058759765625 0.045166015625
2 0.3384912109375 0.8197021484375 0.041337890625 0.047607421875
2 0.3012744140625 0.831298828125 0.040419921875 0.048828125
2 0.6051708984375 0.84228515625 0.0478564453125 0.048828125
2 0.40318359375 0.8489990234375 0.04900390625 0.050048828125
2 0.575263671875 0.8563232421875 0.0461279296875 0.045166015625
2 0.3391064453125 0.8905029296875 0.0477587890625 0.047607421875
2 0.60578125 0.89599609375 0.0515185546875 0.0390625
2 0.534384765625 0.9234619140625 0.04783203125 0.042724609375
2 0.51791015625 0.1177978515625 0.05392578125 0.050048828125
2 0.72294921875 0.1824951171875 0.0515625 0.050048828125
2 0.4233203125 0.2081298828125 0.0526708984375 0.045166015625
2 0.3635205078125 0.2166748046875 0.0526513671875 0.047607421875
2 0.2231640625 0.2264404296875 0.04283203125 0.052490234375
2 0.6649755859375 0.25146484375 0.047880859375 0.04638671875
2 0.359248046875 0.2630615234375 0.0416650390625 0.040283203125
2 0.55330078125 0.2825927734375 0.0490576171875 0.050048828125
2 0.770546875 0.289306640625 0.05158203125 0.05126953125
2 0.837060546875 0.2899169921875 0.0479443359375 0.047607421875
2 0.5166796875 0.2911376953125 0.03638671875 0.035400390625
2 0.1584765625 0.3118896484375 0.0428076171875 0.042724609375
2 0.6393359375 0.321044921875 0.0375634765625 0.04150390625
2 0.674130859375 0.3240966796875 0.0442236328125 0.045166015625
2 0.2066845703125 0.34912109375 0.0416064453125 0.0439453125
2 0.8236376953125 0.35888671875 0.050380859375 0.048828125
2 0.34337890625 0.386962890625 0.0563037109375 0.06591796875
2 0.17068359375 0.38818359375 0.0476953125 0.04150390625
2 0.3201904296875 0.4217529296875 0.0489697265625 0.045166015625
2 0.1188134765625 0.4315185546875 0.046455078125 0.047607421875
2 0.64056640625 0.443115234375 0.04298828125 0.04150390625
2 0.177998046875 0.45654296875 0.0426171875 0.05126953125
2 0.1340673828125 0.469970703125 0.037919921875 0.04150390625
2 0.745517578125 0.474853515625 0.05705078125 0.05859375