2 0.6854443359375 0.498046875 0.056650390625 0.0537109375
2 0.4120556640625 0.499267578125 0.0516650390625 0.05126953125
2 0.552412109375 0.517578125 0.04927734375 0.0390625
2 0.44623046875 0.545654296875 0.046796875 0.04638671875
2 0.722060546875 0.546875 0.0615478515625 0.0537109375
2 0.393740234375 0.5615234375 0.04841796875 0.0537109375
2 0.8404345703125 0.579833984375 0.062900390625 0.07080078125
2 0.1118212890625 0.60546875 0.056435546875 0.048828125
2 0.6134326171875 0.606689453125 0.0541796875 0.05615234375
2 0.5694970703125 0.63720703125 0.0590478515625 0.05859375
2 0.5084765625 0.67138671875 0.0687890625 0.05859375
2 0.38275390625 0.693359375 0.0508642578125 0.05859375
2 0.42181640625 0.7177734375 0.037021484375 0.0390625
2 0.496259765625 0.72509765625 0.05326171875 0.0537109375
2 0.549970703125 0.750732421875 0.05416015625 0.05126953125
2 0.3583544921875 0.792236328125 0.0662890625 0.06103515625
2 0.448671875 0.804443359375 0.0565625 0.06103515625
2 0.650048828125 0.819091796875 0.0639599609375 0.06103515625
2 0.609765625 0.823974609375 0.0458984375 0.06103515625
2 0.504814453125 0.88623046875 0.05169921875 0.048828125
2 0.3632373046875 0.889892578125 0.056533203125 0.05126953125
2 0.4230419921875 0.23681640625 0.049228515625 0.0439453125
2 0.538984375 0.244140625 0.0565966796875 0.05859375
2 0.6134375 0.255126953125 0.0590625 0.06103515625
2 0.4083837890625 0.274658203125 0.0581787109375 0.04150390625
2 0.4511083984375 0.27587890625 0.0419140625 0.048828125
2 0.713515625 0.283203125 0.0591015625 0.0439453125
2 0.2668212890625 0.301513671875 0.054052734375 0.05615234375
2 0.403505859375 0.328369140625 0.04841796875 0.04150390625
2 0.387646484375 0.37841796875 0.0565380859375 0.0537109375
2 0.7208251953125 0.396728515625 0.0531787109375 0.06103515625
2 0.0935107421875 0.440673828125 0.0588671875 0.05615234375
2 0.559736328125 0.478515625 0.05416015625 0.05859375
2 0.7794189453125 0.482177734375 0.0591259765625 0.05615234375