2 0.2631591796875 0.516357421875 0.0809033203125 0.09033203125
2 0.5536328125 0.58349609375 0.0712451171875 0.0634765625
2 0.409619140625 0.6103515625 0.08583984375 0.0634765625
2 0.2314306640625 0.6396484375 0.076005859375 0.0732421875
2 0.502373046875 0.684814453125 0.0663427734375 0.08056640625
2 0.402294921875 0.9130859375 0.06630859375 0.068359375
2 0.35103515625 0.1416015625 0.071171875 0.068359375
2 0.5914697265625 0.21484375 0.078583984375 0.068359375
2 0.4169384765625 0.23681640625 0.0760791015625 0.0732421875
2 0.2326513671875 0.29296875 0.078447265625 0.0830078125
2 0.6354052734375 0.355224609375 0.0688330078125 0.07568359375
2 0.183828125 0.447998046875 0.0784326171875 0.07080078125