2 0.757724609375 0.5078125 0.03751953125 0.04150390625
2 0.2347509765625 0.5078125 0.0511376953125 0.06103515625
2 0.186552734375 0.537109375 0.0623486328125 0.05859375
2 0.4910498046875 0.5853271484375 0.0608056640625 0.057373046875
2 0.68083984375 0.615234375 0.0454443359375 0.0439453125
2 0.34033203125 0.6195068359375 0.0599609375 0.067138671875
2 0.6051611328125 0.6268310546875 0.066865234375 0.072021484375
2 0.298212890625 0.6268310546875 0.07064453125 0.069580078125
2 0.48068359375 0.6298828125 0.05025390625 0.04150390625
2 0.6491064453125 0.6329345703125 0.0405517578125 0.059814453125
2 0.223154296875 0.6829833984375 0.06212890625 0.064697265625
2 0.7278173828125 0.6964111328125 0.0680419921875 0.074462890625
2 0.28052734375 0.7061767578125 0.06482421875 0.064697265625
2 0.35984375 0.723876953125 0.0645166015625 0.06103515625
2 0.3958642578125 0.767822265625 0.070966796875 0.068359375
2 0.485556640625 0.8062744140625 0.0669140625 0.059814453125
2 0.6069921875 0.8355712890625 0.06564453125 0.072021484375
2 0.4886181640625 0.8514404296875 0.0392724609375 0.040283203125
2 0.3616796875 0.179443359375 0.0364453125 0.0390625
2 0.5435302734375 0.2398681640625 0.0583447265625 0.062255859375
2 0.3659521484375 0.2783203125 0.044990234375 0.0439453125
2 0.732705078125 0.2886962890625 0.0436328125 0.052490234375
2 0.5758740234375 0.3228759765625 0.040029296875 0.035400390625
2 0.228037109375 0.330810546875 0.0450390625 0.04638671875
2 0.5783203125 0.3509521484375 0.0429638671875 0.037841796875
2 0.1438330078125 0.3656005859375 0.035478515625 0.035400390625
2 0.266484375 0.3875732421875 0.03404296875 0.030517578125
2 0.3525244140625 0.40771484375 0.0352294921875 0.0341796875
2 0.490439453125 0.4266357421875 0.0376171875 0.037841796875
2 0.3146923828125 0.433349609375 0.0376806640625 0.0390625
2 0.522177734375 0.4437255859375 0.0331787109375 0.030517578125
2 0.3409423828125 0.4766845703125 0.061181640625 0.057373046875
2 0.603330078125 0.4840087890625 0.0485595703125 0.052490234375