2 0.139892578125 0.506591796875 0.0881787109375 0.07568359375
2 0.509697265625 0.56396484375 0.0956396484375 0.087890625
2 0.12767578125 0.60791015625 0.05828125 0.05859375
2 0.185048828125 0.60791015625 0.0759912109375 0.087890625
2 0.51091796875 0.64208984375 0.1029638671875 0.0830078125
2 0.84287109375 0.655517578125 0.0824267578125 0.08056640625
2 0.5731640625 0.73974609375 0.0858984375 0.0927734375
2 0.493818359375 0.751953125 0.07279296875 0.0830078125
2 0.331494140625 0.780029296875 0.08017578125 0.08544921875
2 0.404736328125 0.797119140625 0.0809521484375 0.09033203125
2 0.3913134765625 0.899658203125 0.083388671875 0.07080078125
2 0.636611328125 0.191650390625 0.08494140625 0.08056640625
2 0.2778076171875 0.230712890625 0.085791015625 0.09033203125
2 0.4230419921875 0.234375 0.058994140625 0.0537109375
2 0.52068359375 0.247802734375 0.0834375 0.07568359375
2 0.358359375 0.255126953125 0.0760546875 0.08544921875
2 0.6952099609375 0.262451171875 0.1005908203125 0.07568359375
2 0.8331103515625 0.264892578125 0.067783203125 0.07568359375
2 0.44255859375 0.31982421875 0.0581640625 0.05859375
2 0.7086376953125 0.328369140625 0.093271484375 0.08056640625
2 0.5084765625 0.3466796875 0.0785498046875 0.0634765625
2 0.358359375 0.364990234375 0.0760546875 0.07080078125
2 0.1240234375 0.406494140625 0.0613232421875 0.06591796875
2 0.6097607421875 0.419921875 0.0751904296875 0.0830078125
2 0.4206005859375 0.435791015625 0.0785205078125 0.08056640625
2 0.0959423828125 0.4736328125 0.0534130859375 0.0439453125
2 0.7733203125 0.478515625 0.0908544921875 0.1025390625
2 0.676884765625 0.48095703125 0.0971337890625 0.0927734375