2 0.2275439453125 0.5126953125 0.0571484375 0.0553369140625
2 0.3219287109375 0.5338525390625 0.0474169921875 0.0520849609375
2 0.0941064453125 0.5411767578125 0.047333984375 0.0472021484375
2 0.1705908203125 0.6315087890625 0.04736328125 0.0455712890625
2 0.3674853515625 0.6461572265625 0.0436962890625 0.048828125
2 0.7531640625 0.6477880859375 0.047578125 0.0618505859375
2 0.705146484375 0.65185546875 0.0549609375 0.0472021484375
2 0.8003564453125 0.6681298828125 0.0541064453125 0.0439453125
2 0.41224609375 0.68115234375 0.0555859375 0.0504541015625
2 0.3211181640625 0.7112646484375 0.0588134765625 0.0520849609375
2 0.78896484375 0.71533203125 0.0475927734375 0.0504541015625
2 0.248701171875 0.7576513671875 0.04087890625 0.0406884765625
2 0.7059716796875 0.76904296875 0.054072265625 0.0537109375
2 0.5497412109375 0.78125 0.05013671875 0.048828125
2 0.8312646484375 0.7820654296875 0.0435205078125 0.0406884765625
2 0.5961181640625 0.791015625 0.0484912109375 0.0520849609375
2 0.63111328125 0.7926416015625 0.04427734375 0.0455712890625
2 0.38212890625 0.7942724609375 0.046943359375 0.0455712890625
2 0.4114306640625 0.8341455078125 0.047451171875 0.0439453125
2 0.742587890625 0.8357763671875 0.0622216796875 0.0472021484375
2 0.6343603515625 0.1416015625 0.0631201171875 0.0520849609375
2 0.4602490234375 0.185546875 0.047470703125 0.048828125
2 0.62216796875 0.18798828125 0.0556640625 0.0472021484375
2 0.4675634765625 0.2473974609375 0.0387744140625 0.029296875
2 0.43990234375 0.2482080078125 0.0257666015625 0.0309228515625
2 0.5090673828125 0.2587890625 0.037724609375 0.0390625
2 0.387021484375 0.2596044921875 0.04744140625 0.0537109375
2 0.6823681640625 0.2628564453125 0.0517138671875 0.0602197265625
2 0.4472216796875 0.2734375 0.043662109375 0.0390625
2 0.594501953125 0.2783203125 0.055654296875 0.0520849609375
2 0.2991455078125 0.283203125 0.0506640625 0.048828125
2 0.7417724609375 0.29541015625 0.0573388671875 0.0634765625
2 0.45943359375 0.3011083984375 0.04583984375 0.0358056640625
2 0.5115087890625 0.322265625 0.0393505859375 0.0358056640625
2 0.7108544921875 0.3279638671875 0.054072265625 0.0504541015625
2 0.1331591796875 0.3360986328125 0.0506005859375 0.0472021484375
2 0.8703271484375 0.33935546875 0.0606396484375 0.0602197265625
2 0.3862060546875 0.3621435546875 0.0490673828125 0.0472021484375
2 0.407353515625 0.3873681640625 0.0485595703125 0.0423193359375
2 0.613212890625 0.38818359375 0.0475244140625 0.0406884765625
2 0.2446337890625 0.3889990234375 0.0652880859375 0.05859375
2 0.72712890625 0.3922509765625 0.0670947265625 0.05859375
2 0.44396484375 0.41259765625 0.0469189453125 0.0406884765625
2 0.477333984375 0.4207373046875 0.0425927734375 0.0472021484375
2 0.1616357421875 0.4427099609375 0.035966796875 0.029296875
2 0.5399853515625 0.4459619140625 0.050751953125 0.048828125
2 0.1632666015625 0.47607421875 0.0392236328125 0.0439453125
2 0.415498046875 0.478515625 0.052333984375 0.0520849609375