0 0.2060546875 0.506103515625 0.119140625 0.119140625
0 0.3330078125 0.597900390625 0.09912109375 0.09912109375
0 0.468994140625 0.47998046875 0.0498046875 0.06201171875
0 0.51611328125 0.48388671875 0.06103515625 0.06884765625
0 0.43310546875 0.541015625 0.0888671875 0.0888671875
0 0.556884765625 0.43603515625 0.0498046875 0.0498046875
0 0.656005859375 0.382080078125 0.06689453125 0.06689453125
0 0.60693359375 0.291015625 0.01318359375 0.01318359375
0 0.76611328125 0.389892578125 0.0888671875 0.0888671875
0 0.8740234375 0.3310546875 0.06689453125 0.06689453125
0 0.791015625 0.64111328125 0.0419921875 0.0419921875
0 0.759033203125 0.587890625 0.06689453125 0.06689453125
0 0.7119140625 0.47900390625 0.0849609375 0.0810546875
0 0.76611328125 0.678955078125 0.076171875 0.06689453125
0 0.568115234375 0.68798828125 0.0888671875 0.0888671875
0 0.321044921875 0.73095703125 0.119140625 0.119140625
0 0.31298828125 0.85009765625 0.09423828125 0.0888671875
0 0.64111328125 0.882080078125 0.0810546875 0.0810546875
0 0.529052734375 0.862060546875 0.01513671875 0.01513671875