0 0.208984375 0.2099609375 0.01708984375 0.01708984375
0 0.30908203125 0.12890625 0.01318359375 0.01123046875
0 0.44091796875 0.113037109375 0.01123046875 0.01123046875
0 0.60400390625 0.172119140625 0.01416015625 0.01416015625
0 0.43310546875 0.281982421875 0.01123046875 0.01123046875
0 0.29296875 0.306884765625 0.01708984375 0.01708984375
0 0.277099609375 0.375 0.01708984375 0.01708984375
0 0.2900390625 0.39404296875 0.01416015625 0.01416015625
0 0.302001953125 0.4140625 0.01220703125 0.01220703125
0 0.339111328125 0.424072265625 0.0068359375 0.0068359375
0 0.373046875 0.4169921875 0.01513671875 0.01513671875
0 0.43896484375 0.447998046875 0.01416015625 0.01416015625
0 0.511962890625 0.39111328125 0.009765625 0.009765625
0 0.764892578125 0.376953125 0.01220703125 0.01220703125
0 0.81298828125 0.35302734375 0.01708984375 0.01708984375
0 0.85595703125 0.287109375 0.01513671875 0.01513671875
0 0.833984375 0.448974609375 0.01220703125 0.01220703125
0 0.676025390625 0.570068359375 0.01220703125 0.01220703125
0 0.68896484375 0.6259765625 0.01220703125 0.01220703125
0 0.573974609375 0.660888671875 0.01220703125 0.01220703125
0 0.81103515625 0.7451171875 0.01416015625 0.01416015625
0 0.8291015625 0.73193359375 0.01513671875 0.01513671875
0 0.80908203125 0.7939453125 0.01513671875 0.01513671875
0 0.576904296875 0.89111328125 0.01220703125 0.01220703125
0 0.550048828125 0.910888671875 0.01513671875 0.01513671875
0 0.510009765625 0.873046875 0.01513671875 0.01513671875
0 0.534912109375 0.837890625 0.009765625 0.009765625
0 0.531982421875 0.756103515625 0.01220703125 0.01220703125
0 0.470947265625 0.75390625 0.009765625 0.009765625
0 0.279052734375 0.763916015625 0.01513671875 0.01513671875
0 0.243896484375 0.6279296875 0.01416015625 0.01416015625
0 0.239990234375 0.5830078125 0.01123046875 0.01318359375