2 0.2656005859375 0.496826171875 0.0662548828125 0.06103515625
2 0.6293017578125 0.52734375 0.0615087890625 0.0634765625
2 0.8550927734375 0.587158203125 0.083564453125 0.07568359375
2 0.19603515625 0.633544921875 0.05890625 0.06103515625
2 0.755 0.694580078125 0.0678125 0.07568359375
2 0.5280029296875 0.733642578125 0.0883251953125 0.07568359375
2 0.61099609375 0.83984375 0.0883544921875 0.078125
2 0.414501953125 0.8740234375 0.08095703125 0.0732421875
2 0.593896484375 0.225830078125 0.06787109375 0.07568359375
2 0.652490234375 0.2978515625 0.0737255859375 0.078125
2 0.1545361328125 0.323486328125 0.0686572265625 0.06591796875
2 0.846533203125 0.46875 0.08974609375 0.0830078125