0 0.426025390625 0.5029296875 0.01416015625 0.01416015625
0 0.26611328125 0.740966796875 0.01416015625 0.01416015625
0 0.6220703125 0.719970703125 0.01708984375 0.01708984375
0 0.589111328125 0.258056640625 0.1220703125 0.1220703125
0 0.387939453125 0.3330078125 0.1337890625 0.1337890625
0 0.382080078125 0.470947265625 0.10107421875 0.10107421875
0 0.410888671875 0.64501953125 0.06884765625 0.06884765625
0 0.284912109375 0.75390625 0.076171875 0.076171875
0 0.259033203125 0.783935546875 0.06884765625 0.06884765625
0 0.41796875 0.825927734375 0.076171875 0.076171875
0 0.3798828125 0.803955078125 0.076171875 0.076171875
0 0.35302734375 0.85107421875 0.06884765625 0.06884765625
0 0.762939453125 0.72705078125 0.076171875 0.076171875
0 0.777099609375 0.7958984375 0.076171875 0.076171875
0 0.737060546875 0.595947265625 0.05712890625 0.05712890625
0 0.885009765625 0.472900390625 0.10107421875 0.10107421875
0 0.156982421875 0.472900390625 0.046875 0.046875
0 0.31201171875 0.2080078125 0.0830078125 0.0830078125