2 0.2460595703125 0.498046875 0.0753271484375 0.068359375
2 0.3479638671875 0.50537109375 0.053935546875 0.0569677734375
2 0.465947265625 0.5135107421875 0.0686279296875 0.0634765625
2 0.5904345703125 0.5216455078125 0.0768115234375 0.0699853515625
2 0.421181640625 0.52490234375 0.0534375 0.0634765625
2 0.3805126953125 0.5598974609375 0.060458984375 0.0618505859375
2 0.2958837890625 0.5753564453125 0.0827685546875 0.0862646484375
2 0.170390625 0.62744140625 0.0509423828125 0.0439453125
2 0.886591796875 0.63720703125 0.06953125 0.0634765625
2 0.6732275390625 0.662841796875 0.080048828125 0.06591796875
2 0.5182275390625 0.687255859375 0.0630126953125 0.07080078125
2 0.8613671875 0.6884765625 0.071171875 0.0553369140625
2 0.7415869140625 0.709228515625 0.061552734375 0.07568359375
2 0.78732421875 0.7584619140625 0.06306640625 0.0651025390625
2 0.481611328125 0.75927734375 0.0776806640625 0.0634765625
2 0.6158642578125 0.767822265625 0.0678662109375 0.06103515625
2 0.369326171875 0.830078125 0.0826025390625 0.0830078125
2 0.5694873046875 0.838623046875 0.072763671875 0.04638671875
2 0.594501953125 0.8902978515625 0.0784375 0.05859375
2 0.625419921875 0.1041650390625 0.0654296875 0.0553369140625
2 0.4317724609375 0.1611328125 0.06861328125 0.0618505859375
2 0.3609716796875 0.1619482421875 0.0664794921875 0.0569677734375
2 0.73689453125 0.1953125 0.0736083984375 0.0651025390625
2 0.3341357421875 0.2237939453125 0.0718310546875 0.0667333984375
2 0.2106787109375 0.23193359375 0.0686767578125 0.078125
2 0.7189892578125 0.2734375 0.0670947265625 0.0618505859375
2 0.7499072265625 0.3360986328125 0.0638525390625 0.0569677734375
2 0.6270361328125 0.3466796875 0.08427734375 0.0748681640625
2 0.694580078125 0.3499365234375 0.0670849609375 0.0813818359375
2 0.3046435546875 0.364990234375 0.075302734375 0.07080078125
2 0.7360791015625 0.4158544921875 0.062216796875 0.0602197265625
2 0.835341796875 0.4484033203125 0.0752734375 0.0732421875
2 0.5285986328125 0.4532861328125 0.0832958984375 0.0797509765625
2 0.6815625 0.478515625 0.08009765625 0.078125