2 0.61240234375 0.4988623046875 0.058916015625 0.0537109375
2 0.5611328125 0.5167626953125 0.056640625 0.0602197265625
2 0.704345703125 0.5281591796875 0.0638330078125 0.0667333984375
2 0.2844921875 0.5289697265625 0.0892822265625 0.0748681640625
2 0.14599609375 0.545654296875 0.080859375 0.07080078125
2 0.8857763671875 0.58349609375 0.0744189453125 0.0602197265625
2 0.459423828125 0.58349609375 0.0615576171875 0.0667333984375
2 0.8743994140625 0.62744140625 0.068779296875 0.0504541015625
2 0.698857421875 0.6396484375 0.0629541015625 0.068359375
2 0.7745263671875 0.68115234375 0.0678076171875 0.0634765625
2 0.2009130859375 0.7470703125 0.0637890625 0.05859375
2 0.486494140625 0.760498046875 0.07279296875 0.07568359375
2 0.2692626953125 0.7958984375 0.063818359375 0.0537109375
2 0.6646826171875 0.84716796875 0.0678466796875 0.0537109375
2 0.50236328125 0.8642578125 0.055703125 0.05859375
2 0.5806591796875 0.1188134765625 0.056630859375 0.0553369140625
2 0.5245166015625 0.1416015625 0.05828125 0.0553369140625
2 0.5668359375 0.21728515625 0.0589013671875 0.0634765625
2 0.5237060546875 0.23193359375 0.050146484375 0.0504541015625
2 0.48953125 0.29541015625 0.063173828125 0.0569677734375
2 0.430947265625 0.3190087890625 0.0631982421875 0.0618505859375
2 0.605068359375 0.3214501953125 0.0728955078125 0.0634765625
2 0.7417724609375 0.3401708984375 0.07361328125 0.068359375
2 0.3373779296875 0.3507470703125 0.0811328125 0.0764990234375
2 0.64087890625 0.3556298828125 0.0572998046875 0.0504541015625
2 0.614833984375 0.3898095703125 0.0631298828125 0.0602197265625
2 0.2869287109375 0.4158544921875 0.0746435546875 0.0667333984375
2 0.6099609375 0.4353857421875 0.0605419921875 0.0504541015625
2 0.532666015625 0.4402685546875 0.0523779296875 0.0504541015625
2 0.4846484375 0.458984375 0.059921875 0.0618505859375
2 0.8638232421875 0.46875 0.070400390625 0.068359375