2 0.6851123046875 0.496826171875 0.0588720703125 0.06103515625
2 0.230478515625 0.5224609375 0.05236328125 0.0537109375
2 0.1450537109375 0.552978515625 0.050126953125 0.04638671875
2 0.7638232421875 0.5609130859375 0.0594873046875 0.062255859375
2 0.48068359375 0.625 0.03072265625 0.0341796875
2 0.4123388671875 0.6329345703125 0.062431640625 0.057373046875
2 0.355576171875 0.6744384765625 0.05353515625 0.057373046875
2 0.3860986328125 0.7073974609375 0.053876953125 0.057373046875
2 0.3189599609375 0.723876953125 0.0559912109375 0.0634765625
2 0.5075341796875 0.7275390625 0.0575830078125 0.05859375
2 0.4410107421875 0.7373046875 0.038857421875 0.0537109375
2 0.24451171875 0.7470703125 0.0535791015625 0.05615234375
2 0.4715283203125 0.7470703125 0.0490283203125 0.0634765625
2 0.602109375 0.7525634765625 0.0607666015625 0.059814453125
2 0.3677783203125 0.758056640625 0.0510888671875 0.048828125
2 0.3513134765625 0.8203125 0.0550830078125 0.0634765625
2 0.312861328125 0.82275390625 0.03646484375 0.0439453125
2 0.4184423828125 0.8587646484375 0.059990234375 0.064697265625
2 0.4550537109375 0.17578125 0.047802734375 0.04638671875
2 0.5185107421875 0.184326171875 0.052255859375 0.05126953125
2 0.5972314453125 0.2105712890625 0.053447265625 0.054931640625
2 0.420263671875 0.2154541015625 0.0461865234375 0.047607421875
2 0.340927734375 0.2520751953125 0.0608642578125 0.054931640625
2 0.25306640625 0.2532958984375 0.06359375 0.064697265625
2 0.534384765625 0.2630615234375 0.045390625 0.047607421875
2 0.736982421875 0.267333984375 0.0576708984375 0.06103515625
2 0.64421875 0.2679443359375 0.0546484375 0.057373046875
2 0.7021923828125 0.318603515625 0.053408203125 0.0537109375
2 0.7980078125 0.343017578125 0.0625732421875 0.05859375
2 0.1188134765625 0.3692626953125 0.041572265625 0.042724609375
2 0.752841796875 0.37109375 0.0497265625 0.0537109375
2 0.7961767578125 0.39306640625 0.0637939453125 0.05615234375
2 0.4849560546875 0.4071044921875 0.053916015625 0.057373046875
2 0.273193359375 0.408935546875 0.0450244140625 0.048828125
2 0.3275146484375 0.4095458984375 0.056298828125 0.054931640625
2 0.295771484375 0.4425048828125 0.0511181640625 0.050048828125
2 0.39525390625 0.45166015625 0.0599853515625 0.0634765625
2 0.7961669921875 0.46630859375 0.065576171875 0.05615234375
2 0.334228515625 0.4681396484375 0.05263671875 0.057373046875
2 0.8395068359375 0.487060546875 0.0625927734375 0.068359375