0 0.51708984375 0.325927734375 0.09912109375 0.09912109375
0 0.591064453125 0.39892578125 0.10791015625 0.10791015625
0 0.68505859375 0.327880859375 0.07421875 0.07421875
0 0.7470703125 0.343017578125 0.09912109375 0.09912109375
0 0.81689453125 0.323974609375 0.07421875 0.07421875
0 0.822998046875 0.43603515625 0.07421875 0.07421875
0 0.910888671875 0.39794921875 0.0498046875 0.0498046875
0 0.589111328125 0.4990234375 0.0810546875 0.0810546875
0 0.491943359375 0.4580078125 0.0498046875 0.0498046875
0 0.450927734375 0.444091796875 0.0888671875 0.0888671875
0 0.281005859375 0.347900390625 0.06689453125 0.06689453125
0 0.303955078125 0.283935546875 0.06689453125 0.06689453125
0 0.367919921875 0.260986328125 0.0888671875 0.0888671875
0 0.427978515625 0.31396484375 0.0498046875 0.0498046875
0 0.541015625 0.239990234375 0.0888671875 0.0888671875
0 0.611083984375 0.257080078125 0.0888671875 0.0888671875
0 0.613037109375 0.2080078125 0.06103515625 0.06103515625
0 0.656982421875 0.175048828125 0.09912109375 0.09912109375
0 0.14111328125 0.323974609375 0.06689453125 0.06689453125
0 0.196044921875 0.462890625 0.07421875 0.07421875
0 0.375 0.58203125 0.06689453125 0.06689453125
0 0.382080078125 0.6669921875 0.0810546875 0.0810546875
0 0.2919921875 0.7890625 0.09912109375 0.09912109375
0 0.180908203125 0.77392578125 0.0810546875 0.0810546875
0 0.637939453125 0.89599609375 0.0458984375 0.0458984375
0 0.714111328125 0.7890625 0.0810546875 0.0810546875
0 0.81298828125 0.76611328125 0.06689453125 0.06689453125
0 0.623046875 0.701904296875 0.07421875 0.07421875
0 0.60009765625 0.701904296875 0.0458984375 0.0458984375
0 0.72705078125 0.64697265625 0.09912109375 0.09912109375
0 0.740966796875 0.60205078125 0.0498046875 0.0498046875
0 0.677001953125 0.612060546875 0.06103515625 0.06103515625
0 0.597900390625 0.625 0.07421875 0.07421875
0 0.69189453125 0.572998046875 0.09912109375 0.09912109375