0 0.64306640625 0.239990234375 0.11083984375 0.11083984375
0 0.55810546875 0.178955078125 0.0830078125 0.0830078125
0 0.85400390625 0.455078125 0.06201171875 0.06201171875
0 0.804931640625 0.324951171875 0.06201171875 0.06201171875
0 0.674072265625 0.383056640625 0.0830078125 0.0830078125
0 0.60791015625 0.404052734375 0.091796875 0.091796875
0 0.656005859375 0.43798828125 0.076171875 0.076171875
0 0.6630859375 0.552001953125 0.05712890625 0.05712890625
0 0.881103515625 0.541015625 0.06884765625 0.06884765625
0 0.510009765625 0.68896484375 0.06884765625 0.06884765625
0 0.3369140625 0.60498046875 0.076171875 0.076171875
0 0.18701171875 0.531982421875 0.10107421875 0.10107421875
0 0.10791015625 0.506103515625 0.06884765625 0.06884765625
0 0.1650390625 0.43896484375 0.0830078125 0.0830078125
0 0.3740234375 0.33203125 0.11083984375 0.11083984375