0 0.555908203125 0.364990234375 0.01416015625 0.01416015625
0 0.677001953125 0.384033203125 0.01416015625 0.01416015625
0 0.634033203125 0.344970703125 0.01416015625 0.01416015625
0 0.594970703125 0.31396484375 0.01416015625 0.01416015625
0 0.740966796875 0.346923828125 0.01416015625 0.01416015625
0 0.760986328125 0.368896484375 0.01416015625 0.01416015625
0 0.77490234375 0.3740234375 0.01416015625 0.01416015625
0 0.81201171875 0.408935546875 0.01416015625 0.01416015625
0 0.80908203125 0.416015625 0.01416015625 0.01416015625
0 0.554931640625 0.4208984375 0.01416015625 0.01416015625
0 0.656005859375 0.43994140625 0.01416015625 0.01416015625
0 0.632080078125 0.43896484375 0.01416015625 0.01416015625
0 0.618896484375 0.468017578125 0.01416015625 0.01416015625
0 0.697998046875 0.468994140625 0.01416015625 0.01416015625
0 0.760009765625 0.4599609375 0.01416015625 0.01416015625
0 0.783935546875 0.4560546875 0.01416015625 0.01416015625
0 0.693115234375 0.51904296875 0.01416015625 0.01416015625
0 0.743896484375 0.52490234375 0.01416015625 0.01416015625
0 0.712890625 0.550048828125 0.01416015625 0.01416015625
0 0.804931640625 0.5029296875 0.01416015625 0.01416015625
0 0.823974609375 0.48291015625 0.01416015625 0.01416015625
0 0.85107421875 0.385009765625 0.01416015625 0.01416015625
0 0.861083984375 0.31494140625 0.01416015625 0.01416015625
0 0.89208984375 0.56689453125 0.01416015625 0.01416015625
0 0.89599609375 0.64306640625 0.01416015625 0.01416015625
0 0.718994140625 0.68603515625 0.01416015625 0.01416015625
0 0.714111328125 0.69091796875 0.01416015625 0.01416015625
0 0.698974609375 0.653076171875 0.01416015625 0.01416015625
0 0.673095703125 0.698974609375 0.01416015625 0.01416015625
0 0.697998046875 0.743896484375 0.01416015625 0.01416015625
0 0.738037109375 0.778076171875 0.01416015625 0.01416015625
0 0.72412109375 0.7880859375 0.01416015625 0.01416015625
0 0.72998046875 0.79296875 0.01416015625 0.01416015625
0 0.7080078125 0.799072265625 0.01416015625 0.01416015625
0 0.698974609375 0.802978515625 0.01416015625 0.01416015625
0 0.701904296875 0.81591796875 0.01416015625 0.01416015625
0 0.68505859375 0.822021484375 0.01416015625 0.01416015625
0 0.69091796875 0.839111328125 0.01416015625 0.01416015625
0 0.6689453125 0.847900390625 0.01416015625 0.01416015625
0 0.64794921875 0.778076171875 0.01416015625 0.01416015625
0 0.577880859375 0.806884765625 0.01416015625 0.01416015625
0 0.556884765625 0.802001953125 0.01416015625 0.01416015625
0 0.513916015625 0.822021484375 0.01416015625 0.01416015625
0 0.5009765625 0.822021484375 0.01416015625 0.01416015625
0 0.527099609375 0.8740234375 0.01416015625 0.01416015625
0 0.548095703125 0.85693359375 0.01416015625 0.01416015625
0 0.572021484375 0.884033203125 0.01318359375 0.01318359375
0 0.56103515625 0.887939453125 0.01220703125 0.01220703125
0 0.614990234375 0.89599609375 0.01416015625 0.01416015625
0 0.52392578125 0.89990234375 0.01416015625 0.01416015625
0 0.51611328125 0.89990234375 0.01416015625 0.01416015625
0 0.4970703125 0.906005859375 0.01416015625 0.01416015625
0 0.489990234375 0.906005859375 0.01416015625 0.01416015625
0 0.470947265625 0.8779296875 0.01416015625 0.01416015625
0 0.48193359375 0.9208984375 0.01416015625 0.01416015625
0 0.386962890625 0.8330078125 0.01416015625 0.01416015625
0 0.319091796875 0.85888671875 0.01416015625 0.01416015625
0 0.47900390625 0.819091796875 0.01416015625 0.01416015625
0 0.2880859375 0.781982421875 0.01416015625 0.01416015625
0 0.4208984375 0.781005859375 0.01416015625 0.01416015625
0 0.31005859375 0.7470703125 0.01416015625 0.01416015625
0 0.287109375 0.73291015625 0.01416015625 0.01416015625
0 0.412109375 0.712890625 0.01416015625 0.01416015625
0 0.47802734375 0.739013671875 0.01416015625 0.01416015625
0 0.294921875 0.673095703125 0.01416015625 0.01416015625
0 0.31005859375 0.64306640625 0.01416015625 0.01416015625
0 0.236083984375 0.672119140625 0.01416015625 0.01416015625
0 0.197021484375 0.635009765625 0.01416015625 0.01416015625
0 0.158935546875 0.674072265625 0.01416015625 0.01416015625
0 0.291015625 0.4970703125 0.01416015625 0.01416015625
0 0.326904296875 0.5 0.01416015625 0.01416015625
0 0.35888671875 0.551025390625 0.01416015625 0.01416015625
0 0.248046875 0.489990234375 0.01416015625 0.01416015625
0 0.361083984375 0.45703125 0.01416015625 0.01416015625
0 0.2041015625 0.468994140625 0.01416015625 0.01416015625
0 0.218994140625 0.450927734375 0.01416015625 0.01416015625
0 0.381103515625 0.5458984375 0.01416015625 0.01416015625
0 0.39111328125 0.548095703125 0.01416015625 0.01416015625
0 0.408935546875 0.506103515625 0.01416015625 0.01416015625
0 0.50390625 0.52197265625 0.01416015625 0.01416015625
0 0.5458984375 0.52587890625 0.01416015625 0.01416015625
0 0.552001953125 0.52587890625 0.01416015625 0.01416015625
0 0.5849609375 0.64306640625 0.01416015625 0.01416015625
0 0.498046875 0.656005859375 0.01416015625 0.01416015625
0 0.485107421875 0.6708984375 0.01416015625 0.01416015625
0 0.583984375 0.697021484375 0.01416015625 0.01416015625
0 0.695068359375 0.62109375 0.01416015625 0.01416015625
0 0.47705078125 0.337890625 0.01416015625 0.01416015625
0 0.360107421875 0.280029296875 0.01416015625 0.01416015625
0 0.509033203125 0.25 0.01416015625 0.01416015625
0 0.3359375 0.200927734375 0.01416015625 0.01416015625
0 0.2509765625 0.30810546875 0.01416015625 0.01416015625
0 0.19091796875 0.319091796875 0.01416015625 0.01416015625
0 0.31591796875 0.37109375 0.01416015625 0.01416015625
0 0.3291015625 0.39501953125 0.01416015625 0.01416015625
0 0.238037109375 0.40087890625 0.01416015625 0.01416015625
0 0.134033203125 0.427001953125 0.01416015625 0.01416015625
0 0.1298828125 0.419921875 0.01416015625 0.01416015625
0 0.5830078125 0.285888671875 0.01416015625 0.01416015625
0 0.60888671875 0.240966796875 0.01416015625 0.01416015625
0 0.716064453125 0.215087890625 0.01416015625 0.01416015625
0 0.784912109375 0.23388671875 0.01416015625 0.01416015625
0 0.572021484375 0.115966796875 0.06201171875 0.06201171875
0 0.491943359375 0.136962890625 0.05712890625 0.05712890625
0 0.5380859375 0.199951171875 0.05712890625 0.05712890625
0 0.68896484375 0.219970703125 0.06884765625 0.06884765625
0 0.875 0.3759765625 0.06884765625 0.06884765625
0 0.50390625 0.37890625 0.06884765625 0.06884765625
0 0.35693359375 0.362060546875 0.06201171875 0.06201171875
0 0.324951171875 0.3330078125 0.06201171875 0.06201171875
0 0.27490234375 0.3369140625 0.06201171875 0.06201171875
0 0.408935546875 0.237060546875 0.076171875 0.076171875
0 0.31103515625 0.18798828125 0.06201171875 0.06201171875
0 0.35107421875 0.514892578125 0.05712890625 0.05712890625
0 0.47900390625 0.618896484375 0.06884765625 0.06884765625
0 0.554931640625 0.62109375 0.06884765625 0.06884765625
0 0.656982421875 0.708984375 0.0830078125 0.0830078125
0 0.47998046875 0.701904296875 0.06201171875 0.06201171875
0 0.427978515625 0.708984375 0.06201171875 0.06201171875
0 0.23291015625 0.702880859375 0.06884765625 0.06884765625
0 0.118896484375 0.635009765625 0.06884765625 0.06884765625
0 0.25390625 0.8291015625 0.06201171875 0.06201171875
0 0.455078125 0.8291015625 0.06884765625 0.06884765625
0 0.574951171875 0.863037109375 0.076171875 0.076171875
0 0.867919921875 0.5859375 0.06201171875 0.06201171875