0 0.47509765625 0.179931640625 0.02978515625 0.02978515625
0 0.529052734375 0.219970703125 0.02490234375 0.02490234375
0 0.52001953125 0.24609375 0.02783203125 0.02783203125
0 0.4951171875 0.27099609375 0.02294921875 0.02294921875
0 0.568115234375 0.216064453125 0.02783203125 0.02783203125
0 0.721923828125 0.284912109375 0.02294921875 0.02294921875
0 0.695068359375 0.322998046875 0.02783203125 0.02783203125
0 0.72509765625 0.428955078125 0.02294921875 0.02294921875
0 0.73388671875 0.489990234375 0.01904296875 0.01904296875
0 0.72900390625 0.511962890625 0.02294921875 0.02294921875
0 0.60302734375 0.5029296875 0.02099609375 0.02099609375
0 0.4990234375 0.3740234375 0.01416015625 0.01416015625
0 0.577880859375 0.363037109375 0.02783203125 0.02783203125
0 0.4560546875 0.406005859375 0.02783203125 0.02783203125
0 0.43994140625 0.304931640625 0.02783203125 0.02783203125
0 0.303955078125 0.48095703125 0.02294921875 0.02294921875
0 0.303955078125 0.493896484375 0.02490234375 0.02490234375
0 0.251953125 0.48388671875 0.02783203125 0.02783203125
0 0.172119140625 0.3779296875 0.02783203125 0.02783203125
0 0.25390625 0.2939453125 0.02783203125 0.02783203125
0 0.31298828125 0.239013671875 0.02978515625 0.02978515625
0 0.14111328125 0.491943359375 0.02490234375 0.02490234375
0 0.174072265625 0.52587890625 0.01416015625 0.01416015625
0 0.173095703125 0.636962890625 0.02294921875 0.02294921875
0 0.125 0.636962890625 0.02490234375 0.02490234375
0 0.2099609375 0.672119140625 0.02490234375 0.02490234375
0 0.241943359375 0.697998046875 0.02294921875 0.02294921875
0 0.343994140625 0.718994140625 0.02490234375 0.02490234375
0 0.360107421875 0.7080078125 0.02099609375 0.02099609375
0 0.35791015625 0.6220703125 0.01904296875 0.01904296875
0 0.39794921875 0.614990234375 0.02294921875 0.02294921875
0 0.47509765625 0.72509765625 0.02294921875 0.02294921875
0 0.47412109375 0.85888671875 0.02783203125 0.02783203125
0 0.572998046875 0.860107421875 0.02490234375 0.02490234375
0 0.678955078125 0.7919921875 0.02294921875 0.02294921875
0 0.681884765625 0.740966796875 0.02783203125 0.02783203125
0 0.697998046875 0.634033203125 0.02294921875 0.02294921875
0 0.7958984375 0.64697265625 0.02490234375 0.02490234375
0 0.89501953125 0.507080078125 0.02294921875 0.02294921875
0 0.89208984375 0.403076171875 0.02294921875 0.02294921875