0 0.833984375 0.635009765625 0.01416015625 0.01416015625
0 0.529052734375 0.10205078125 0.05712890625 0.05712890625
0 0.4609375 0.299072265625 0.06884765625 0.06884765625
0 0.5869140625 0.343994140625 0.06884765625 0.06884765625
0 0.5029296875 0.4541015625 0.06884765625 0.06884765625
0 0.81591796875 0.470947265625 0.076171875 0.076171875
0 0.8798828125 0.4189453125 0.05712890625 0.05712890625
0 0.906005859375 0.548095703125 0.05712890625 0.05712890625
0 0.903076171875 0.64599609375 0.046875 0.046875
0 0.636962890625 0.72412109375 0.06884765625 0.06884765625
0 0.527099609375 0.87890625 0.06884765625 0.06884765625
0 0.527099609375 0.576904296875 0.091796875 0.091796875