2 0.5337646484375 0.501708984375 0.0437060546875 0.0390625
2 0.2280419921875 0.5108642578125 0.0306298828125 0.030517578125
2 0.412939453125 0.5609130859375 0.04619140625 0.042724609375
2 0.8297412109375 0.56396484375 0.0406201171875 0.0439453125
2 0.891982421875 0.5682373046875 0.0504052734375 0.054931640625
2 0.583203125 0.5841064453125 0.0502880859375 0.047607421875
2 0.7949462890625 0.5853271484375 0.0387255859375 0.045166015625
2 0.152978515625 0.606689453125 0.04873046875 0.05126953125
2 0.3000439453125 0.6365966796875 0.0352490234375 0.040283203125
2 0.5941845703125 0.6573486328125 0.0307666015625 0.028076171875
2 0.7784765625 0.66650390625 0.0332763671875 0.029296875
2 0.3214111328125 0.6744384765625 0.0416455078125 0.045166015625
2 0.644228515625 0.6787109375 0.0454296875 0.05126953125
2 0.19203125 0.6854248046875 0.0413916015625 0.042724609375
2 0.55451171875 0.7000732421875 0.0461376953125 0.050048828125
2 0.7662744140625 0.751953125 0.047919921875 0.05126953125
2 0.5911376953125 0.782470703125 0.0344287109375 0.0390625
2 0.5026416015625 0.791015625 0.0449365234375 0.0439453125
2 0.2066845703125 0.7965087890625 0.0464892578125 0.050048828125
2 0.395849609375 0.8380126953125 0.0461962890625 0.047607421875
2 0.42576171875 0.88623046875 0.04046875 0.04150390625
2 0.5575634765625 0.1544189453125 0.0497998046875 0.047607421875
2 0.3061474609375 0.1568603515625 0.052333984375 0.052490234375
2 0.6210302734375 0.1824951171875 0.042451171875 0.040283203125
2 0.35314453125 0.242919921875 0.04654296875 0.0439453125
2 0.6350732421875 0.2532958984375 0.044208984375 0.042724609375
2 0.3189599609375 0.274658203125 0.0413427734375 0.0439453125
2 0.5288818359375 0.2777099609375 0.0412646484375 0.040283203125
2 0.8248486328125 0.283203125 0.064345703125 0.06103515625
2 0.64544921875 0.31494140625 0.04298828125 0.0390625
2 0.5770947265625 0.3472900390625 0.0424658203125 0.042724609375
2 0.380595703125 0.36376953125 0.04498046875 0.04638671875
2 0.821806640625 0.372314453125 0.0564794921875 0.0537109375
2 0.7198974609375 0.377197265625 0.047900390625 0.048828125
2 0.4611474609375 0.3851318359375 0.042509765625 0.045166015625
2 0.1676220703125 0.3961181640625 0.0462841796875 0.047607421875
2 0.2963818359375 0.4046630859375 0.0474560546875 0.050048828125
2 0.6625244140625 0.4058837890625 0.0448779296875 0.052490234375
2 0.5783154296875 0.418701171875 0.0449072265625 0.0390625
2 0.8816015625 0.439453125 0.04357421875 0.04150390625
2 0.62775390625 0.4620361328125 0.044208984375 0.045166015625
2 0.4178271484375 0.4742431640625 0.0343603515625 0.035400390625
2 0.169462890625 0.484619140625 0.0428125 0.04150390625