2 0.8486474609375 0.4962158203125 0.0460302734375 0.050048828125
2 0.707080078125 0.4998779296875 0.0393505859375 0.037841796875
2 0.360458984375 0.5096435546875 0.03888671875 0.045166015625
2 0.6161572265625 0.5126953125 0.047861328125 0.04638671875
2 0.677177734375 0.5169677734375 0.0381201171875 0.045166015625
2 0.7650439453125 0.52978515625 0.0423974609375 0.04150390625
2 0.250615234375 0.531005859375 0.0291650390625 0.03662109375
2 0.1834912109375 0.5364990234375 0.036513671875 0.035400390625
2 0.2152294921875 0.545654296875 0.034287109375 0.0390625
2 0.5600146484375 0.58837890625 0.045400390625 0.04150390625
2 0.619208984375 0.5908203125 0.0393212890625 0.0390625
2 0.5697705078125 0.6573486328125 0.037587890625 0.037841796875
2 0.134677734375 0.6793212890625 0.0489013671875 0.045166015625
2 0.6295751953125 0.6854248046875 0.0424462890625 0.040283203125
2 0.33849609375 0.6866455078125 0.0392138671875 0.045166015625
2 0.4288037109375 0.694580078125 0.0413037109375 0.04150390625
2 0.572216796875 0.699462890625 0.0356396484375 0.03662109375
2 0.5783203125 0.7696533203125 0.0429638671875 0.040283203125
2 0.508134765625 0.845947265625 0.0388330078125 0.0341796875
2 0.6430078125 0.1641845703125 0.0356689453125 0.035400390625
2 0.61310546875 0.19287109375 0.0417578125 0.0390625
2 0.55146484375 0.211181640625 0.03759765625 0.0390625
2 0.3311767578125 0.2252197265625 0.0392138671875 0.040283203125
2 0.4220947265625 0.262451171875 0.0400830078125 0.03662109375
2 0.7162255859375 0.2801513671875 0.0399755859375 0.040283203125
2 0.3549755859375 0.302734375 0.0331201171875 0.03662109375
2 0.464208984375 0.33203125 0.0441455078125 0.0390625
2 0.339716796875 0.360107421875 0.0440966796875 0.0439453125
2 0.4422314453125 0.399169921875 0.041298828125 0.0439453125
2 0.4910595703125 0.443115234375 0.0441552734375 0.0390625
2 0.74552734375 0.44677734375 0.0405859375 0.0439453125
2 0.29333984375 0.48095703125 0.03919921875 0.03662109375