2 0.1575732421875 0.5045556640625 0.0538671875 0.0520849609375
2 0.8979833984375 0.5192041015625 0.056513671875 0.05859375
2 0.2910107421875 0.5419921875 0.053916015625 0.048828125
2 0.5953173828125 0.6087255859375 0.0540283203125 0.0520849609375
2 0.4195556640625 0.72265625 0.0599462890625 0.0553369140625
2 0.3080859375 0.78125 0.0583642578125 0.05859375
2 0.6465625 0.8056640625 0.0582373046875 0.0520849609375
2 0.236494140625 0.2392578125 0.0555224609375 0.0553369140625
2 0.505 0.2986669921875 0.049111328125 0.0504541015625
2 0.3626025390625 0.3507470703125 0.0469482421875 0.0472021484375
2 0.4521044921875 0.37353515625 0.0501708984375 0.0504541015625
2 0.6831787109375 0.44921875 0.05333984375 0.048828125
2 0.5936865234375 0.4541015625 0.050771484375 0.0520849609375
2 0.692138671875 0.4866552734375 0.04267578125 0.0423193359375