2 0.88171875 0.50048828125 0.057392578125 0.0504541015625
2 0.135009765625 0.52001953125 0.05400390625 0.0537109375
2 0.6962109375 0.5306005859375 0.070341796875 0.05859375
2 0.4594384765625 0.576171875 0.0718798828125 0.068359375
2 0.7132958984375 0.59814453125 0.0622119140625 0.0504541015625
2 0.6213525390625 0.615234375 0.0638037109375 0.0618505859375
2 0.6953857421875 0.62255859375 0.0549609375 0.0472021484375
2 0.8377734375 0.6502294921875 0.0597900390625 0.0569677734375
2 0.566826171875 0.6624365234375 0.0615185546875 0.0618505859375
2 0.11607421875 0.6640625 0.0522216796875 0.048828125
2 0.299951171875 0.6697607421875 0.0551123046875 0.0569677734375
2 0.732822265625 0.6730126953125 0.0557080078125 0.0537109375
2 0.4960498046875 0.67626953125 0.05724609375 0.0569677734375
2 0.440712890625 0.6803369140625 0.0534326171875 0.0651025390625
2 0.861376953125 0.7014990234375 0.049248046875 0.048828125
2 0.7034130859375 0.7208251953125 0.048525390625 0.040283203125
2 0.4927978515625 0.7218408203125 0.0670068359375 0.0634765625
2 0.689384765625 0.7476806640625 0.047890625 0.047607421875
2 0.64177734375 0.748291015625 0.05708984375 0.0634765625
2 0.75072265625 0.7486962890625 0.0524609375 0.0553369140625
2 0.7040234375 0.806884765625 0.0521826171875 0.05126953125
2 0.4953173828125 0.82275390625 0.0742333984375 0.068359375
2 0.6375146484375 0.8544921875 0.0539697265625 0.048828125
2 0.3708447265625 0.90576171875 0.0672998046875 0.05859375
2 0.5619580078125 0.1432275390625 0.05564453125 0.0520849609375
2 0.655517578125 0.1529931640625 0.0468408203125 0.048828125
2 0.499296875 0.1993798828125 0.053408203125 0.0537109375
2 0.615654296875 0.2726220703125 0.0556640625 0.0504541015625
2 0.238935546875 0.322265625 0.0571484375 0.0520849609375
2 0.687255859375 0.3653955078125 0.0524365234375 0.0472021484375
2 0.6246044921875 0.4020166015625 0.0540380859375 0.048828125
2 0.1740673828125 0.428466796875 0.068662109375 0.06591796875
2 0.8678759765625 0.4549169921875 0.0646630859375 0.0602197265625
2 0.413056640625 0.4597998046875 0.057216796875 0.0569677734375
2 0.773505859375 0.4695654296875 0.068740234375 0.0634765625