2 0.1377294921875 0.4901123046875 0.0550048828125 0.054931640625
2 0.6027880859375 0.4931640625 0.041220703125 0.033203125
2 0.5593310546875 0.4970703125 0.047646484375 0.048828125
2 0.3001123046875 0.4970703125 0.0528271484375 0.048828125
2 0.7848828125 0.509765625 0.048125 0.046875
2 0.725810546875 0.5400390625 0.0490771484375 0.048828125
2 0.1209326171875 0.56689453125 0.0458544921875 0.0439453125
2 0.15267578125 0.56884765625 0.0469140625 0.0556640625
2 0.6633154296875 0.57177734375 0.0524853515625 0.0380859375
2 0.2766650390625 0.57568359375 0.0623974609375 0.0478515625
2 0.116552734375 0.60302734375 0.0547119140625 0.0439453125
2 0.6677197265625 0.607421875 0.063701171875 0.048828125
2 0.4548681640625 0.6083984375 0.063623046875 0.068359375
2 0.28498046875 0.619140625 0.0752783203125 0.0625
2 0.19021484375 0.62255859375 0.0696728515625 0.06591796875
2 0.834677734375 0.62451171875 0.0637646484375 0.0517578125
2 0.525654296875 0.6298828125 0.05876953125 0.060546875
2 0.8424755859375 0.67236328125 0.0709716796875 0.0615234375
2 0.124306640625 0.6732177734375 0.06720703125 0.072021484375
2 0.47732421875 0.69287109375 0.0597265625 0.0576171875
2 0.733623046875 0.70458984375 0.0627490234375 0.0634765625
2 0.665263671875 0.7080078125 0.0602978515625 0.05859375
2 0.568603515625 0.7109375 0.06423828125 0.064453125
2 0.4904931640625 0.75341796875 0.060361328125 0.0556640625
2 0.6765087890625 0.76953125 0.092998046875 0.06640625
2 0.5105224609375 0.78759765625 0.069501953125 0.0576171875
2 0.41580078125 0.83251953125 0.0711328125 0.0556640625
2 0.263984375 0.83740234375 0.05671875 0.0576171875
2 0.5534814453125 0.87451171875 0.059755859375 0.0634765625
2 0.5007470703125 0.8759765625 0.047666015625 0.052734375
2 0.414345703125 0.8779296875 0.0567724609375 0.04296875
2 0.4348388671875 0.103515625 0.0545263671875 0.04296875
2 0.524677734375 0.15771484375 0.05876953125 0.0576171875
2 0.373828125 0.16064453125 0.05578125 0.0517578125
2 0.472431640625 0.16796875 0.05548828125 0.05859375
2 0.7575341796875 0.1943359375 0.051474609375 0.0546875
2 0.5529931640625 0.21484375 0.0704931640625 0.068359375
2 0.2468994140625 0.22607421875 0.0557373046875 0.0517578125
2 0.84150390625 0.26953125 0.0533984375 0.05078125
2 0.369423828125 0.28271484375 0.0701708984375 0.0712890625
2 0.2381103515625 0.31640625 0.0635400390625 0.0625
2 0.891787109375 0.32080078125 0.0387353515625 0.0439453125
2 0.731181640625 0.3291015625 0.0598193359375 0.064453125
2 0.834189453125 0.39453125 0.0647412109375 0.0625
2 0.4919677734375 0.39697265625 0.0558251953125 0.0556640625
2 0.2464111328125 0.40673828125 0.0508544921875 0.0556640625
2 0.20734375 0.41796875 0.0428955078125 0.05078125
2 0.3928662109375 0.42333984375 0.054814453125 0.0537109375
2 0.7692626953125 0.43359375 0.0500732421875 0.046875
2 0.5949658203125 0.46484375 0.0466552734375 0.0390625
2 0.317197265625 0.4658203125 0.05185546875 0.044921875
2 0.637451171875 0.466796875 0.0480712890625 0.048828125
2 0.74728515625 0.4765625 0.0465966796875 0.044921875
2 0.2234619140625 0.4833984375 0.0440087890625 0.044921875