2 0.4079931640625 0.5263671875 0.039892578125 0.037109375
2 0.2322509765625 0.55029296875 0.047919921875 0.0498046875
2 0.387001953125 0.5634765625 0.0350146484375 0.037109375
2 0.742890625 0.583984375 0.047578125 0.044921875
2 0.411904296875 0.58544921875 0.04212890625 0.0380859375
2 0.880556640625 0.6376953125 0.0455712890625 0.044921875
2 0.3552734375 0.64013671875 0.0499169921875 0.0458984375
2 0.6667333984375 0.6533203125 0.031982421875 0.0390625
2 0.730205078125 0.68359375 0.03833984375 0.0390625
2 0.3552783203125 0.703125 0.0616357421875 0.0546875
2 0.7033447265625 0.712890625 0.0368505859375 0.03515625
2 0.15462890625 0.7275390625 0.0449609375 0.04296875
2 0.5461474609375 0.73193359375 0.0388623046875 0.0361328125
2 0.2805810546875 0.7568359375 0.031337890625 0.029296875
2 0.55982421875 0.76953125 0.0470654296875 0.04296875
2 0.7589990234375 0.7822265625 0.042685546875 0.046875
2 0.367470703125 0.7822265625 0.04478515625 0.041015625
2 0.8000146484375 0.78466796875 0.0452001953125 0.0419921875
2 0.2322412109375 0.79931640625 0.0438623046875 0.0400390625
2 0.2688671875 0.83056640625 0.0430517578125 0.0458984375
2 0.4846435546875 0.84765625 0.0509423828125 0.046875
2 0.41482421875 0.84912109375 0.0379345703125 0.0419921875
2 0.63744140625 0.87109375 0.0476171875 0.05078125
2 0.4407080078125 0.89599609375 0.048974609375 0.0458984375
2 0.4944091796875 0.1162109375 0.045087890625 0.0390625
2 0.4455908203125 0.13671875 0.048974609375 0.048828125
2 0.578369140625 0.1376953125 0.04861328125 0.044921875
2 0.695537109375 0.19921875 0.0446630859375 0.04296875
2 0.7516845703125 0.21435546875 0.040302734375 0.0400390625
2 0.2473828125 0.2373046875 0.0430419921875 0.04296875
2 0.6535498046875 0.28271484375 0.0329638671875 0.0302734375
2 0.7096923828125 0.28515625 0.039775390625 0.04296875
2 0.728740234375 0.30029296875 0.03345703125 0.0322265625
2 0.66625 0.3076171875 0.0373388671875 0.03125
2 0.32646484375 0.31591796875 0.0389453125 0.0341796875
2 0.6042529296875 0.32373046875 0.044150390625 0.0458984375
2 0.3484423828125 0.33154296875 0.0440576171875 0.0380859375
2 0.735087890625 0.34326171875 0.0383447265625 0.0380859375
2 0.2937646484375 0.34619140625 0.0401318359375 0.0380859375
2 0.703837890625 0.3544921875 0.0280615234375 0.02734375
2 0.5998583984375 0.40966796875 0.035361328125 0.0361328125
2 0.3904150390625 0.40966796875 0.0340380859375 0.0322265625
2 0.2922900390625 0.4267578125 0.048720703125 0.044921875
2 0.2063671875 0.4306640625 0.0428955078125 0.041015625
2 0.7658349609375 0.43115234375 0.038779296875 0.0322265625
2 0.7658447265625 0.4580078125 0.0471435546875 0.03515625
2 0.207841796875 0.47412109375 0.03423828125 0.0361328125
2 0.46169921875 0.47998046875 0.0440966796875 0.0439453125