2 0.20294921875 0.49560546875 0.0458251953125 0.0439453125
2 0.6018017578125 0.49951171875 0.0505615234375 0.0478515625
2 0.6428173828125 0.501953125 0.0431884765625 0.05859375
2 0.7321484375 0.52685546875 0.05734375 0.0537109375
2 0.882998046875 0.54248046875 0.05826171875 0.0576171875
2 0.63109375 0.5791015625 0.0525 0.0546875
2 0.1648828125 0.5888671875 0.0439892578125 0.044921875
2 0.7477734375 0.60107421875 0.0456201171875 0.0517578125
2 0.566650390625 0.61328125 0.06423828125 0.05859375
2 0.3415966796875 0.61572265625 0.049677734375 0.0458984375
2 0.8302734375 0.6357421875 0.0621875 0.05859375
2 0.6008349609375 0.64892578125 0.050986328125 0.0458984375
2 0.174150390625 0.65869140625 0.0409521484375 0.0380859375
2 0.8742236328125 0.66259765625 0.0530419921875 0.0693359375
2 0.166337890625 0.6875 0.04876953125 0.046875
2 0.5905859375 0.6943359375 0.0597705078125 0.046875
2 0.6926171875 0.71044921875 0.058828125 0.0576171875
2 0.5485888671875 0.7373046875 0.055458984375 0.05078125
2 0.258115234375 0.74169921875 0.0487353515625 0.0517578125
2 0.4299609375 0.77978515625 0.0525732421875 0.0517578125
2 0.7829296875 0.79833984375 0.0559375 0.0498046875
2 0.7453271484375 0.86767578125 0.0524560546875 0.0458984375
2 0.3498974609375 0.14599609375 0.048701171875 0.0498046875
2 0.79220703125 0.212890625 0.0471533203125 0.04296875
2 0.6057080078125 0.24853515625 0.048603515625 0.0498046875
2 0.2283447265625 0.27294921875 0.0498681640625 0.0498046875
2 0.72091796875 0.28515625 0.0485595703125 0.048828125
2 0.405546875 0.29541015625 0.0525830078125 0.0517578125
2 0.8073291015625 0.29638671875 0.0495068359375 0.0517578125
2 0.480732421875 0.30224609375 0.04865234375 0.0517578125
2 0.201494140625 0.3271484375 0.0449755859375 0.041015625
2 0.5925244140625 0.33740234375 0.0476318359375 0.0478515625
2 0.573486328125 0.36474609375 0.0408056640625 0.0458984375
2 0.199541015625 0.36865234375 0.0508349609375 0.0419921875
2 0.268369140625 0.42919921875 0.04580078125 0.0419921875
2 0.32158203125 0.47412109375 0.0467578125 0.0537109375
2 0.25958984375 0.4794921875 0.0459765625 0.046875