2 0.7614404296875 0.48974609375 0.0651416015625 0.0712890625
2 0.2083154296875 0.50830078125 0.0799951171875 0.0732421875
2 0.892763671875 0.52587890625 0.0641162109375 0.0830078125
2 0.2820458984375 0.55126953125 0.0577001953125 0.0634765625
2 0.2415283203125 0.568359375 0.056708984375 0.0625
2 0.466083984375 0.56982421875 0.07599609375 0.0830078125
2 0.7868408203125 0.57861328125 0.100849609375 0.1044921875
2 0.6105859375 0.58056640625 0.0720361328125 0.0791015625
2 0.18732421875 0.59326171875 0.0731689453125 0.0693359375
2 0.8805712890625 0.62353515625 0.077451171875 0.0673828125
2 0.1570703125 0.6357421875 0.0732763671875 0.0703125
2 0.533955078125 0.63818359375 0.0929443359375 0.0869140625
2 0.309375 0.6640625 0.067265625 0.07421875
2 0.3962890625 0.71484375 0.0889892578125 0.0859375
2 0.69162109375 0.72412109375 0.1071533203125 0.1103515625
2 0.336220703125 0.7890625 0.0897119140625 0.0859375
2 0.5202734375 0.14404296875 0.069140625 0.0673828125
2 0.405546875 0.15283203125 0.079921875 0.0732421875
2 0.5568994140625 0.19091796875 0.0763525390625 0.0732421875
2 0.679423828125 0.20166015625 0.06908203125 0.0751953125
2 0.428017578125 0.203125 0.0802099609375 0.07421875
2 0.5119873046875 0.25390625 0.066572265625 0.06640625
2 0.7155615234375 0.2607421875 0.071533203125 0.060546875
2 0.5910595703125 0.302734375 0.066181640625 0.0703125
2 0.7258154296875 0.3134765625 0.0725146484375 0.0546875
2 0.81904296875 0.33544921875 0.0807421875 0.0751953125
2 0.4641455078125 0.34033203125 0.076318359375 0.0712890625
2 0.3791845703125 0.341796875 0.072119140625 0.078125
2 0.139482421875 0.3447265625 0.0751416015625 0.068359375
2 0.1766015625 0.39599609375 0.083046875 0.0791015625
2 0.5998583984375 0.40185546875 0.0666064453125 0.0673828125
2 0.844931640625 0.40380859375 0.0862255859375 0.0732421875
2 0.5373583984375 0.40771484375 0.0583935546875 0.0615234375
2 0.3640673828125 0.419921875 0.0772607421875 0.06640625
2 0.7594970703125 0.42138671875 0.048115234375 0.0673828125
2 0.7101806640625 0.42822265625 0.056376953125 0.0771484375
2 0.59986328125 0.4658203125 0.0783251953125 0.08203125
2 0.344521484375 0.470703125 0.0770166015625 0.0703125
2 0.8283349609375 0.4853515625 0.072548828125 0.07421875