2 0.20728515625 0.494384765625 0.0743408203125 0.06591796875
2 0.820576171875 0.5059814453125 0.072890625 0.072021484375
2 0.464208984375 0.5194091796875 0.0831982421875 0.079345703125
2 0.268935546875 0.5389404296875 0.083125 0.081787109375
2 0.7009814453125 0.5938720703125 0.0466748046875 0.047607421875
2 0.6625244140625 0.59814453125 0.0424365234375 0.0390625
2 0.8401025390625 0.6072998046875 0.0631201171875 0.064697265625
2 0.5929541015625 0.634765625 0.0693115234375 0.0830078125
2 0.6655859375 0.635986328125 0.04666015625 0.04638671875
2 0.7626123046875 0.64697265625 0.0479150390625 0.05126953125
2 0.4873876953125 0.6591796875 0.0681298828125 0.0634765625
2 0.713173828125 0.677490234375 0.0460791015625 0.05615234375
2 0.7430859375 0.6817626953125 0.04302734375 0.047607421875
2 0.6289697265625 0.6884765625 0.0490869140625 0.05859375
2 0.3940185546875 0.699462890625 0.069384765625 0.07080078125
2 0.2890576171875 0.71044921875 0.071865234375 0.07568359375
2 0.480673828125 0.72265625 0.07423828125 0.06591796875
2 0.525234375 0.76416015625 0.0758984375 0.0732421875
2 0.3964599609375 0.78125 0.069384765625 0.07080078125
2 0.733310546875 0.83251953125 0.0643798828125 0.0634765625
2 0.3738818359375 0.8746337890625 0.063291015625 0.064697265625
2 0.5551220703125 0.902099609375 0.071767578125 0.0732421875
2 0.5508642578125 0.1458740234375 0.071025390625 0.064697265625
2 0.4410107421875 0.1971435546875 0.0559423828125 0.054931640625
2 0.5783251953125 0.213623046875 0.067373046875 0.068359375
2 0.29333984375 0.233154296875 0.0611669921875 0.0634765625
2 0.50935546875 0.235595703125 0.06080078125 0.0634765625
2 0.7485693359375 0.252685546875 0.055830078125 0.05615234375
2 0.434296875 0.26123046875 0.05228515625 0.0537109375
2 0.6991357421875 0.2923583984375 0.0717138671875 0.074462890625
2 0.7949560546875 0.3106689453125 0.0686767578125 0.069580078125
2 0.243916015625 0.38330078125 0.08189453125 0.08056640625
2 0.7656689453125 0.3985595703125 0.0686669921875 0.069580078125
2 0.6948681640625 0.430908203125 0.068056640625 0.06591796875
2 0.6149267578125 0.4364013671875 0.064423828125 0.064697265625
2 0.1779931640625 0.4437255859375 0.088994140625 0.069580078125
2 0.4953173828125 0.4473876953125 0.0717919921875 0.069580078125