2 0.1261376953125 0.4962158203125 0.053779296875 0.054931640625
2 0.090732421875 0.52734375 0.0463134765625 0.048828125
2 0.2072998046875 0.5615234375 0.067236328125 0.05615234375
2 0.483125 0.5645751953125 0.0526953125 0.054931640625
2 0.4477197265625 0.576171875 0.0547216796875 0.0537109375
2 0.3299462890625 0.584716796875 0.055986328125 0.078125
2 0.273193359375 0.6170654296875 0.04990234375 0.052490234375
2 0.1877587890625 0.62255859375 0.067021484375 0.05859375
2 0.305546875 0.645751953125 0.04896484375 0.05126953125
2 0.255498046875 0.6573486328125 0.056015625 0.052490234375
2 0.6106689453125 0.662841796875 0.080810546875 0.078125
2 0.7711572265625 0.7037353515625 0.0747705078125 0.067138671875
2 0.33421875 0.723876953125 0.0596435546875 0.06591796875
2 0.40806640625 0.731201171875 0.0660888671875 0.06103515625
2 0.690595703125 0.74951171875 0.0766015625 0.08056640625
2 0.8016748046875 0.758056640625 0.1211572265625 0.0732421875
2 0.7424658203125 0.80078125 0.065595703125 0.0634765625
2 0.5966162109375 0.81298828125 0.0717529296875 0.068359375
2 0.3866943359375 0.81787109375 0.0767138671875 0.06591796875
2 0.5477978515625 0.8795166015625 0.0644482421875 0.069580078125
2 0.46787109375 0.1287841796875 0.05634765625 0.050048828125
2 0.5301025390625 0.2099609375 0.0485888671875 0.0537109375
2 0.2048583984375 0.2362060546875 0.050146484375 0.054931640625
2 0.4037939453125 0.2435302734375 0.052666015625 0.050048828125
2 0.269541015625 0.2490234375 0.0550537109375 0.05126953125
2 0.3842578125 0.2685546875 0.047421875 0.048828125
2 0.2664892578125 0.28564453125 0.0611572265625 0.0537109375
2 0.849267578125 0.3289794921875 0.0455078125 0.064697265625
2 0.8034912109375 0.3375244140625 0.053369140625 0.052490234375
2 0.490439453125 0.3387451171875 0.0473828125 0.045166015625
2 0.72904296875 0.3460693359375 0.0558349609375 0.057373046875
2 0.5203515625 0.355224609375 0.06857421875 0.0537109375
2 0.8334033203125 0.3729248046875 0.052822265625 0.047607421875
2 0.789453125 0.3875732421875 0.0521533203125 0.054931640625
2 0.8285107421875 0.4449462890625 0.0643408203125 0.057373046875
2 0.9096826171875 0.460205078125 0.058955078125 0.0537109375
2 0.3842578125 0.46630859375 0.0425390625 0.0341796875
2 0.1975244140625 0.4876708984375 0.054814453125 0.047607421875