2 0.15951171875 0.5048828125 0.0449609375 0.046875
2 0.9108544921875 0.51953125 0.048134765625 0.046875
2 0.623798828125 0.52783203125 0.04998046875 0.0498046875
2 0.4358251953125 0.53564453125 0.0509228515625 0.0498046875
2 0.323046875 0.5615234375 0.0496875 0.044921875
2 0.3708984375 0.59033203125 0.046015625 0.0498046875
2 0.9079150390625 0.5908203125 0.047548828125 0.048828125
2 0.32646484375 0.60205078125 0.0389453125 0.0322265625
2 0.63060546875 0.630859375 0.0319970703125 0.037109375
2 0.258115234375 0.63916015625 0.0506884765625 0.0498046875
2 0.4490087890625 0.6455078125 0.046044921875 0.044921875
2 0.32451171875 0.66259765625 0.0526123046875 0.0458984375
2 0.14486328125 0.67236328125 0.0488623046875 0.0498046875
2 0.8127001953125 0.67578125 0.0407177734375 0.046875
2 0.30546875 0.701171875 0.0516455078125 0.041015625
2 0.20978515625 0.70556640625 0.0516796875 0.0498046875
2 0.589599609375 0.708984375 0.03591796875 0.037109375
2 0.8498095703125 0.71826171875 0.0471728515625 0.0439453125
2 0.621337890625 0.7197265625 0.03927734375 0.046875
2 0.315732421875 0.732421875 0.05283203125 0.04296875
2 0.567138671875 0.755859375 0.0437353515625 0.046875
2 0.35087890625 0.763671875 0.0430810546875 0.04296875
2 0.729228515625 0.76611328125 0.04810546875 0.0498046875
2 0.2927783203125 0.78076171875 0.055556640625 0.0537109375
2 0.5505517578125 0.8115234375 0.044130859375 0.046875
2 0.683330078125 0.83984375 0.04955078125 0.05078125
2 0.579833984375 0.876953125 0.05154296875 0.048828125
2 0.41482421875 0.88720703125 0.0535546875 0.0458984375
2 0.4289990234375 0.1806640625 0.0467529296875 0.041015625
2 0.62671875 0.18798828125 0.045703125 0.0458984375
2 0.6892138671875 0.2021484375 0.0480517578125 0.048828125
2 0.77611328125 0.2216796875 0.0441796875 0.041015625
2 0.251787109375 0.2734375 0.05560546875 0.052734375
2 0.7560888671875 0.28076171875 0.050537109375 0.0478515625
2 0.15755859375 0.31005859375 0.0371484375 0.0361328125
2 0.78197265625 0.31494140625 0.0480859375 0.0439453125
2 0.5061181640625 0.32763671875 0.044736328125 0.0458984375
2 0.65162109375 0.3310546875 0.0294873046875 0.025390625
2 0.4621875 0.37548828125 0.0489794921875 0.0400390625
2 0.73509765625 0.3798828125 0.0398046875 0.0390625
2 0.1209423828125 0.3857421875 0.0400634765625 0.04296875
2 0.319638671875 0.390625 0.04892578125 0.0546875
2 0.824443359375 0.4052734375 0.04712890625 0.05078125
2 0.257626953125 0.41064453125 0.0418994140625 0.0400390625
2 0.1717138671875 0.41162109375 0.0439892578125 0.0458984375
2 0.41384765625 0.4208984375 0.0477001953125 0.046875
2 0.2405517578125 0.44921875 0.052802734375 0.05078125
2 0.53248046875 0.45703125 0.0408203125 0.04296875
2 0.6975048828125 0.46337890625 0.0329833984375 0.0283203125
2 0.1121484375 0.47412109375 0.04390625 0.0419921875
2 0.1888037109375 0.47998046875 0.0430224609375 0.0458984375