2 0.8376708984375 0.499267578125 0.0442822265625 0.04150390625
2 0.2335400390625 0.52734375 0.061142578125 0.05615234375
2 0.758330078125 0.5389404296875 0.0533837890625 0.052490234375
2 0.6039453125 0.5450439453125 0.0448974609375 0.045166015625
2 0.9121142578125 0.5535888671875 0.048447265625 0.054931640625
2 0.6527685546875 0.55908203125 0.0503173828125 0.0537109375
2 0.3500927734375 0.560302734375 0.0672900390625 0.05859375
2 0.217060546875 0.58837890625 0.0574755859375 0.0537109375
2 0.6851123046875 0.592041015625 0.0491064453125 0.0439453125
2 0.358017578125 0.640869140625 0.0559765625 0.05126953125
2 0.6295703125 0.650634765625 0.0473291015625 0.048828125
2 0.6777783203125 0.7183837890625 0.0680615234375 0.062255859375
2 0.3616748046875 0.7305908203125 0.0608544921875 0.059814453125
2 0.751630859375 0.745849609375 0.06255859375 0.0634765625
2 0.599072265625 0.7952880859375 0.05517578125 0.062255859375
2 0.5264404296875 0.8038330078125 0.0632373046875 0.064697265625
2 0.513017578125 0.9033203125 0.05103515625 0.0439453125
2 0.33849609375 0.108642578125 0.0440966796875 0.04150390625
2 0.590517578125 0.15380859375 0.04978515625 0.05615234375
2 0.7314794921875 0.17822265625 0.0533935546875 0.0634765625
2 0.378154296875 0.2740478515625 0.0718359375 0.072021484375
2 0.2024072265625 0.27587890625 0.049931640625 0.05126953125
2 0.2701513671875 0.2764892578125 0.0562744140625 0.062255859375
2 0.54962890625 0.29052734375 0.0681103515625 0.07080078125
2 0.6875439453125 0.3076171875 0.068056640625 0.0732421875
2 0.561845703125 0.34912109375 0.0612646484375 0.06103515625
2 0.235361328125 0.3521728515625 0.04259765625 0.059814453125
2 0.2823583984375 0.3643798828125 0.058720703125 0.064697265625
2 0.490439453125 0.4327392578125 0.052265625 0.052490234375
2 0.638125 0.433349609375 0.0673974609375 0.06591796875
2 0.234150390625 0.4522705078125 0.07212890625 0.067138671875
2 0.6112744140625 0.4736328125 0.0551806640625 0.0537109375
2 0.550849609375 0.4815673828125 0.0607861328125 0.062255859375
2 0.79921875 0.4840087890625 0.0423876953125 0.045166015625