2 0.0901220703125 0.499267578125 0.0377685546875 0.03173828125
2 0.850478515625 0.506591796875 0.0716552734375 0.0634765625
2 0.2860205078125 0.5389404296875 0.078251953125 0.074462890625
2 0.7687158203125 0.5523681640625 0.0723291015625 0.079345703125
2 0.8944140625 0.565185546875 0.06431640625 0.08056640625
2 0.23109375 0.574951171875 0.0440576171875 0.04150390625
2 0.4013427734375 0.5841064453125 0.0400927734375 0.035400390625
2 0.18533203125 0.6024169921875 0.06966796875 0.062255859375
2 0.708291015625 0.6170654296875 0.0582861328125 0.067138671875
2 0.7620068359375 0.631103515625 0.066220703125 0.07080078125
2 0.4825048828125 0.6341552734375 0.060810546875 0.054931640625
2 0.401962890625 0.6427001953125 0.0709716796875 0.072021484375
2 0.27197265625 0.7049560546875 0.05478515625 0.052490234375
2 0.5014306640625 0.7080078125 0.0575830078125 0.05615234375
2 0.8437646484375 0.7275390625 0.0509130859375 0.06103515625
2 0.365341796875 0.7342529296875 0.0510888671875 0.052490234375
2 0.28845703125 0.74951171875 0.0440771484375 0.04638671875
2 0.43673828125 0.75439453125 0.04740234375 0.048828125
2 0.58076171875 0.8282470703125 0.0454052734375 0.045166015625
2 0.7339208984375 0.833740234375 0.0582763671875 0.04638671875
2 0.52400390625 0.867919921875 0.0461474609375 0.04638671875
2 0.6661962890625 0.90087890625 0.045439453125 0.0439453125
2 0.62408203125 0.9014892578125 0.03634765625 0.032958984375
2 0.465419921875 0.1141357421875 0.03640625 0.037841796875
2 0.2329248046875 0.2252197265625 0.0330712890625 0.032958984375
2 0.1950830078125 0.233154296875 0.0401708984375 0.0390625
2 0.5856494140625 0.2703857421875 0.079580078125 0.072021484375
2 0.8132568359375 0.2740478515625 0.031396484375 0.030517578125
2 0.4153759765625 0.283203125 0.0754833984375 0.06591796875
2 0.6698583984375 0.289306640625 0.062529296875 0.10986328125
2 0.328115234375 0.2972412109375 0.0596484375 0.054931640625
2 0.193251953125 0.3057861328125 0.05359375 0.052490234375
2 0.531318359375 0.31494140625 0.0876416015625 0.087890625
2 0.2603857421875 0.3192138671875 0.0391845703125 0.040283203125
2 0.7351513671875 0.3216552734375 0.0588916015625 0.079345703125
2 0.232919921875 0.328369140625 0.03771484375 0.03662109375
2 0.8736669921875 0.33935546875 0.0350341796875 0.029296875
2 0.700966796875 0.3753662109375 0.10466796875 0.079345703125
2 0.79556640625 0.377197265625 0.0650146484375 0.068359375
2 0.408056640625 0.41748046875 0.06083984375 0.06591796875
2 0.6320263671875 0.430908203125 0.1137744140625 0.10498046875
2 0.48982421875 0.4315185546875 0.0730126953125 0.062255859375
2 0.7400390625 0.4437255859375 0.0759765625 0.067138671875
2 0.8358447265625 0.4522705078125 0.072353515625 0.069580078125
2 0.144443359375 0.46630859375 0.05623046875 0.0537109375
2 0.5715966796875 0.4705810546875 0.0778662109375 0.076904296875