2 0.8639111328125 0.489501953125 0.033310546875 0.02685546875
2 0.8297314453125 0.491943359375 0.039931640625 0.02685546875
2 0.2585595703125 0.501708984375 0.052607421875 0.048828125
2 0.8901513671875 0.5145263671875 0.0467431640625 0.045166015625
2 0.8517041015625 0.5194091796875 0.0308642578125 0.037841796875
2 0.8260693359375 0.5267333984375 0.0374951171875 0.035400390625
2 0.12552734375 0.5450439453125 0.05255859375 0.059814453125
2 0.2963916015625 0.5615234375 0.0501806640625 0.05615234375
2 0.2548974609375 0.6097412109375 0.052607421875 0.057373046875
2 0.19447265625 0.6219482421875 0.06091796875 0.057373046875
2 0.743076171875 0.626220703125 0.06193359375 0.05126953125
2 0.8846533203125 0.6317138671875 0.049677734375 0.052490234375
2 0.854140625 0.6939697265625 0.039921875 0.047607421875
2 0.3622900390625 0.736083984375 0.0571923828125 0.048828125
2 0.670458984375 0.7379150390625 0.0656201171875 0.047607421875
2 0.864521484375 0.7379150390625 0.0442919921875 0.042724609375
2 0.4934912109375 0.8135986328125 0.043720703125 0.047607421875
2 0.295771484375 0.8538818359375 0.0560009765625 0.047607421875
2 0.54048828125 0.8551025390625 0.0502734375 0.050048828125
2 0.613095703125 0.9100341796875 0.05099609375 0.052490234375
2 0.445283203125 0.1104736328125 0.0473974609375 0.040283203125
2 0.4416259765625 0.13916015625 0.0429150390625 0.04150390625
2 0.3940283203125 0.1531982421875 0.0453369140625 0.032958984375
2 0.355576171875 0.15380859375 0.041328125 0.0439453125
2 0.4013525390625 0.189208984375 0.042900390625 0.03662109375
2 0.2963916015625 0.2020263671875 0.042861328125 0.042724609375
2 0.25671875 0.2081298828125 0.04625 0.042724609375
2 0.6088330078125 0.2105712890625 0.0478564453125 0.045166015625
2 0.68083984375 0.2362060546875 0.0332421875 0.047607421875
2 0.5514697265625 0.2398681640625 0.0502783203125 0.045166015625
2 0.6472705078125 0.2606201171875 0.041220703125 0.040283203125
2 0.2585546875 0.274658203125 0.0330810546875 0.03662109375
2 0.505703125 0.283203125 0.04416015625 0.048828125
2 0.660703125 0.2880859375 0.0393359375 0.0341796875
2 0.44162109375 0.2911376953125 0.04740234375 0.047607421875
2 0.4678662109375 0.350341796875 0.0441455078125 0.048828125
2 0.2988232421875 0.360107421875 0.0376904296875 0.04638671875
2 0.6240869140625 0.3619384765625 0.0368798828125 0.045166015625
2 0.7497998046875 0.3802490234375 0.051572265625 0.050048828125
2 0.586865234375 0.3839111328125 0.05029296875 0.047607421875
2 0.3104248046875 0.396728515625 0.0294384765625 0.03173828125
2 0.8431640625 0.4278564453125 0.0479443359375 0.059814453125
2 0.6552099609375 0.428466796875 0.0503173828125 0.048828125
2 0.3165283203125 0.4461669921875 0.0416455078125 0.042724609375
2 0.4037841796875 0.4681396484375 0.0474169921875 0.050048828125
2 0.4971533203125 0.4693603515625 0.0485986328125 0.050048828125
2 0.802880859375 0.487060546875 0.03994140625 0.048828125