2 0.3049267578125 0.4888916015625 0.052333984375 0.054931640625
2 0.7845849609375 0.5126953125 0.0552490234375 0.05126953125
2 0.3763330078125 0.513916015625 0.051435546875 0.05126953125
2 0.5813720703125 0.5328369140625 0.0515087890625 0.052490234375
2 0.7522412109375 0.5615234375 0.056455078125 0.0537109375
2 0.52705078125 0.5712890625 0.0498095703125 0.0439453125
2 0.3110302734375 0.59326171875 0.0523291015625 0.05615234375
2 0.8712353515625 0.594482421875 0.0601611328125 0.0634765625
2 0.531943359375 0.6121826171875 0.0527099609375 0.047607421875
2 0.1737353515625 0.615234375 0.051357421875 0.05615234375
2 0.466640625 0.62744140625 0.0583740234375 0.04638671875
2 0.121865234375 0.6561279296875 0.055 0.054931640625
2 0.4800732421875 0.670166015625 0.0514697265625 0.0537109375
2 0.4391796875 0.6756591796875 0.0571630859375 0.057373046875
2 0.5301123046875 0.6866455078125 0.0514892578125 0.047607421875
2 0.466650390625 0.716552734375 0.06123046875 0.05126953125
2 0.181669921875 0.738525390625 0.0525830078125 0.05859375
2 0.6985302734375 0.7452392578125 0.058291015625 0.059814453125
2 0.3561865234375 0.745849609375 0.054755859375 0.05859375
2 0.736982421875 0.751953125 0.0503466796875 0.05859375
2 0.7833642578125 0.7855224609375 0.057685546875 0.059814453125
2 0.6326220703125 0.7904052734375 0.065634765625 0.064697265625
2 0.3500830078125 0.8294677734375 0.057197265625 0.050048828125
2 0.4062353515625 0.83251953125 0.050224609375 0.06103515625
2 0.4800732421875 0.8447265625 0.0539111328125 0.06103515625
2 0.4861767578125 0.916748046875 0.056357421875 0.0537109375
2 0.55025390625 0.12939453125 0.0576025390625 0.06103515625
2 0.284189453125 0.1654052734375 0.0501806640625 0.047607421875
2 0.7351416015625 0.1727294921875 0.0485107421875 0.054931640625
2 0.804111328125 0.2349853515625 0.0528125 0.064697265625
2 0.711953125 0.24658203125 0.0534033203125 0.048828125
2 0.630791015625 0.2813720703125 0.0448876953125 0.045166015625
2 0.660703125 0.294189453125 0.0442138671875 0.05126953125
2 0.802880859375 0.32470703125 0.05458984375 0.0537109375
2 0.2060693359375 0.32470703125 0.040166015625 0.04150390625
2 0.2378076171875 0.3350830078125 0.0379541015625 0.047607421875
2 0.5410986328125 0.3436279296875 0.049052734375 0.047607421875
2 0.4135498046875 0.3546142578125 0.049853515625 0.045166015625
2 0.328125 0.360107421875 0.0501953125 0.05126953125
2 0.6411767578125 0.364990234375 0.056416015625 0.0537109375
2 0.5215625 0.3717041015625 0.0510302734375 0.047607421875
2 0.442236328125 0.37353515625 0.0368115234375 0.0439453125
2 0.1828857421875 0.37841796875 0.0477001953125 0.0537109375
2 0.412939453125 0.3961181640625 0.04619140625 0.042724609375
2 0.4953271484375 0.4034423828125 0.0453759765625 0.045166015625
2 0.245732421875 0.421142578125 0.04625 0.05615234375
2 0.7784814453125 0.43701171875 0.0454833984375 0.05126953125
2 0.4550439453125 0.44921875 0.0473974609375 0.048828125
2 0.694267578125 0.45166015625 0.06009765625 0.0537109375