2 0.8490869140625 0.509208984375 0.0389111328125 0.0390625
2 0.5121875 0.5224609375 0.046162109375 0.0460400390625
2 0.0892041015625 0.52783203125 0.046845703125 0.0576171875
2 0.173173828125 0.5517578125 0.0409521484375 0.041015625
2 0.2356640625 0.5538525390625 0.0369921875 0.0334814453125
2 0.829208984375 0.576171875 0.0326416015625 0.037666015625
2 0.6154052734375 0.584892578125 0.0461962890625 0.042548828125
2 0.296328125 0.6100048828125 0.04388671875 0.0467333984375
2 0.9045361328125 0.635810546875 0.0441015625 0.0439453125
2 0.4103662109375 0.6427880859375 0.043330078125 0.0439453125
2 0.7978271484375 0.6522021484375 0.035439453125 0.037666015625
2 0.51671875 0.6539501953125 0.041279296875 0.0383642578125
2 0.865126953125 0.660224609375 0.034716796875 0.0397607421875
2 0.498232421875 0.67626953125 0.036142578125 0.0369677734375
2 0.5289208984375 0.6867333984375 0.0210595703125 0.023017578125
2 0.8068994140625 0.69091796875 0.038486328125 0.035576171875
2 0.5976123046875 0.6930126953125 0.0437744140625 0.0439453125
2 0.2646044921875 0.69580078125 0.04048828125 0.0369677734375
2 0.696298828125 0.7243994140625 0.038857421875 0.0397607421875
2 0.41419921875 0.7516064453125 0.044033203125 0.042548828125
2 0.5188134765625 0.767998046875 0.0384912109375 0.0432470703125
2 0.3625830078125 0.772880859375 0.04107421875 0.0446435546875
2 0.2384423828125 0.77392578125 0.0508837890625 0.0509228515625
2 0.471728515625 0.7746240234375 0.0403369140625 0.0411572265625
2 0.775859375 0.7833447265625 0.0431201171875 0.0446435546875
2 0.626611328125 0.8283349609375 0.0348095703125 0.0397607421875
2 0.7524951171875 0.828681640625 0.035458984375 0.037666015625
2 0.6503271484375 0.830078125 0.0321533203125 0.037666015625
2 0.6660205078125 0.8454248046875 0.03564453125 0.0390625
2 0.6827587890625 0.882744140625 0.0384423828125 0.0341796875
2 0.63044921875 0.9040185546875 0.0355029296875 0.0334814453125
2 0.51083984375 0.9245947265625 0.0292724609375 0.0299951171875
2 0.4588330078125 0.103583984375 0.03986328125 0.035576171875
2 0.69560546875 0.1590380859375 0.0434375 0.047431640625
2 0.44173828125 0.1754345703125 0.045927734375 0.042548828125
2 0.503818359375 0.177177734375 0.050341796875 0.048828125
2 0.67119140625 0.1907763671875 0.037470703125 0.0397607421875
2 0.2792529296875 0.240654296875 0.0474658203125 0.047431640625
2 0.37130859375 0.24169921875 0.041923828125 0.045341796875
2 0.3413134765625 0.2462353515625 0.0250390625 0.029296875
2 0.2304345703125 0.257744140625 0.0488427734375 0.0467333984375
2 0.516025390625 0.2633251953125 0.0454638671875 0.0439453125
2 0.73046875 0.284248046875 0.041630859375 0.045341796875
2 0.773369140625 0.291923828125 0.0427685546875 0.0439453125
2 0.872001953125 0.3068017578125 0.040361328125 0.0406884765625
2 0.4253564453125 0.340400390625 0.0245068359375 0.0251123046875
2 0.4543017578125 0.342841796875 0.041953125 0.0383642578125
2 0.393271484375 0.3644677734375 0.0410595703125 0.042548828125
2 0.612265625 0.374580078125 0.038525390625 0.0348779296875
2 0.2778564453125 0.3759765625 0.0474658203125 0.048828125
2 0.1551171875 0.376953125 0.051796875 0.044921875
2 0.475224609375 0.37841796875 0.039169921875 0.0411572265625
2 0.374091796875 0.389228515625 0.0347900390625 0.0348779296875
2 0.8372314453125 0.411201171875 0.036123046875 0.035576171875
2 0.470341796875 0.4342236328125 0.039169921875 0.035576171875
2 0.7856298828125 0.4366650390625 0.030810546875 0.0334814453125
2 0.22150390625 0.44775390625 0.0380078125 0.0419921875
2 0.085302734375 0.44970703125 0.0390771484375 0.0419921875
2 0.91744140625 0.484443359375 0.046201171875 0.0509228515625