2 0.2810546875 0.48876953125 0.1043798828125 0.1005859375
2 0.5085693359375 0.544921875 0.067548828125 0.076171875
2 0.469501953125 0.5654296875 0.07306640625 0.0859375
2 0.7389794921875 0.58642578125 0.0651513671875 0.0654296875
2 0.8127099609375 0.60986328125 0.0784033203125 0.0732421875
2 0.61400390625 0.6181640625 0.0847265625 0.083984375
2 0.8546826171875 0.65185546875 0.066083984375 0.0595703125
2 0.2190576171875 0.6728515625 0.0702294921875 0.056640625
2 0.7458154296875 0.69482421875 0.071005859375 0.0732421875
2 0.8649462890625 0.7138671875 0.0715869140625 0.06640625
2 0.162431640625 0.716796875 0.0624365234375 0.068359375
2 0.350869140625 0.7177734375 0.0565087890625 0.0703125
2 0.4075146484375 0.728515625 0.0587255859375 0.0625
2 0.4636572265625 0.75 0.0655810546875 0.056640625
2 0.229326171875 0.763671875 0.0713525390625 0.0703125
2 0.542744140625 0.7958984375 0.07732421875 0.080078125
2 0.41287109375 0.806640625 0.0691796875 0.07421875
2 0.46609375 0.81103515625 0.0567919921875 0.0712890625
2 0.6076708984375 0.1220703125 0.0744189453125 0.064453125
2 0.7336083984375 0.18505859375 0.0798046875 0.0810546875
2 0.4900048828125 0.189453125 0.078916015625 0.083984375
2 0.5749658203125 0.193359375 0.0812451171875 0.087890625
2 0.225908203125 0.20263671875 0.0645166015625 0.0615234375
2 0.3030419921875 0.24853515625 0.070400390625 0.0751953125
2 0.762431640625 0.27294921875 0.0910791015625 0.0927734375
2 0.239072265625 0.2783203125 0.0731494140625 0.072265625
2 0.7463037109375 0.376953125 0.0622216796875 0.068359375
2 0.78390625 0.3994140625 0.0774169921875 0.064453125
2 0.1546337890625 0.41552734375 0.091826171875 0.0869140625
2 0.3806640625 0.4443359375 0.07921875 0.08984375
2 0.889345703125 0.4541015625 0.06705078125 0.068359375
2 0.4519384765625 0.462890625 0.065576171875 0.0703125
2 0.79708984375 0.4697265625 0.0666796875 0.072265625
2 0.8668896484375 0.48583984375 0.055341796875 0.0576171875