2 0.1951513671875 0.4912109375 0.0557177734375 0.0546875
2 0.5632470703125 0.5458984375 0.0558544921875 0.056640625
2 0.91572265625 0.57421875 0.0475390625 0.05078125
2 0.470966796875 0.61328125 0.05646484375 0.064453125
2 0.352822265625 0.6142578125 0.0526025390625 0.052734375
2 0.252255859375 0.6171875 0.0526416015625 0.048828125
2 0.768759765625 0.62353515625 0.0641650390625 0.0595703125
2 0.6320703125 0.65380859375 0.04859375 0.0576171875
2 0.27130859375 0.66455078125 0.0635546875 0.0634765625
2 0.559814453125 0.68994140625 0.0603369140625 0.0556640625
2 0.669658203125 0.71044921875 0.0593212890625 0.0537109375
2 0.4934326171875 0.71435546875 0.0607080078125 0.0615234375
2 0.8424755859375 0.71533203125 0.0690185546875 0.0673828125
2 0.29912109375 0.7431640625 0.0701953125 0.0625
2 0.460712890625 0.748046875 0.0515869140625 0.060546875
2 0.6633251953125 0.759765625 0.062724609375 0.052734375
2 0.4201953125 0.7666015625 0.05453125 0.056640625
2 0.1839208984375 0.77880859375 0.052783203125 0.0556640625
2 0.4992822265625 0.8046875 0.054501953125 0.056640625
2 0.2337060546875 0.84521484375 0.0409326171875 0.0419921875
2 0.62474609375 0.84765625 0.0730078125 0.072265625
2 0.2976611328125 0.85791015625 0.049697265625 0.0517578125
2 0.3982373046875 0.88134765625 0.051884765625 0.0478515625
2 0.531015625 0.8935546875 0.0554638671875 0.052734375
2 0.368447265625 0.91845703125 0.04673828125 0.0400390625
2 0.5705615234375 0.11279296875 0.023232421875 0.0263671875
2 0.62328125 0.11962890625 0.0485986328125 0.0419921875
2 0.6569775390625 0.17724609375 0.059794921875 0.0537109375
2 0.361611328125 0.22607421875 0.06822265625 0.0673828125
2 0.7140869140625 0.2431640625 0.050517578125 0.052734375
2 0.777060546875 0.25 0.0534228515625 0.048828125
2 0.16 0.2744140625 0.0459375 0.046875
2 0.6120556640625 0.28369140625 0.0554345703125 0.0615234375
2 0.7946484375 0.29248046875 0.057890625 0.0478515625
2 0.7946337890625 0.33251953125 0.0592724609375 0.0439453125
2 0.27228515625 0.3330078125 0.0537939453125 0.0546875
2 0.8254052734375 0.365234375 0.0569287109375 0.0546875
2 0.363564453125 0.3955078125 0.05064453125 0.05078125
2 0.4563330078125 0.39599609375 0.056787109375 0.0498046875
2 0.146328125 0.3984375 0.0478857421875 0.048828125
2 0.2010009765625 0.400390625 0.0419189453125 0.046875
2 0.827353515625 0.4150390625 0.0569287109375 0.048828125
2 0.7180029296875 0.439453125 0.0510302734375 0.0546875
2 0.24640625 0.439453125 0.0469482421875 0.046875
2 0.4241015625 0.4599609375 0.050625 0.05078125
2 0.63841796875 0.48388671875 0.0534716796875 0.0576171875