2 0.6875439453125 0.5145263671875 0.070498046875 0.069580078125
2 0.14322265625 0.523681640625 0.0586669921875 0.05615234375
2 0.607001953125 0.528564453125 0.0612841796875 0.05859375
2 0.34703125 0.5401611328125 0.0559814453125 0.054931640625
2 0.4587060546875 0.5657958984375 0.047392578125 0.047607421875
2 0.228046875 0.592041015625 0.05015625 0.04638671875
2 0.1377294921875 0.6201171875 0.0550048828125 0.06103515625
2 0.260390625 0.6231689453125 0.0684765625 0.052490234375
2 0.2011865234375 0.625 0.045048828125 0.04150390625
2 0.49654296875 0.6591796875 0.04494140625 0.05126953125
2 0.2390283203125 0.6640625 0.0526025390625 0.0537109375
2 0.6674169921875 0.70068359375 0.055205078125 0.068359375
2 0.6100439453125 0.7110595703125 0.059541015625 0.054931640625
2 0.4202587890625 0.75439453125 0.0583935546875 0.0634765625
2 0.4910595703125 0.7562255859375 0.056357421875 0.059814453125
2 0.486787109375 0.819091796875 0.0648974609375 0.06103515625
2 0.2762548828125 0.84716796875 0.053837890625 0.04638671875
2 0.5526904296875 0.0872802734375 0.0600439453125 0.062255859375
2 0.34826171875 0.1837158203125 0.0685107421875 0.074462890625
2 0.611875 0.1983642578125 0.0534375 0.057373046875
2 0.8041015625 0.22216796875 0.05458984375 0.06103515625
2 0.59478515625 0.264892578125 0.0802978515625 0.07080078125
2 0.808369140625 0.3656005859375 0.0558056640625 0.067138671875
2 0.738193359375 0.3802490234375 0.074140625 0.076904296875
2 0.4208837890625 0.3814697265625 0.077080078125 0.064697265625
2 0.424541015625 0.435791015625 0.0526708984375 0.05859375
2 0.3744921875 0.4364013671875 0.066953125 0.062255859375
2 0.5929541015625 0.44921875 0.0717529296875 0.07080078125