2 0.6124951171875 0.5108642578125 0.052744140625 0.052490234375
2 0.4574853515625 0.660400390625 0.0449560546875 0.04638671875
2 0.3885302734375 0.7171630859375 0.053525390625 0.052490234375
2 0.729052734375 0.7257080078125 0.0515673828125 0.047607421875
2 0.6564306640625 0.728759765625 0.0503173828125 0.05126953125
2 0.39037109375 0.767822265625 0.0502197265625 0.04150390625
2 0.60150390625 0.7781982421875 0.0473388671875 0.050048828125
2 0.7412548828125 0.784912109375 0.044248046875 0.0439453125
2 0.2115673828125 0.799560546875 0.0513720703125 0.05126953125
2 0.35923828125 0.8001708984375 0.03888671875 0.042724609375
2 0.4007421875 0.821533203125 0.0538818359375 0.04638671875
2 0.3476513671875 0.858154296875 0.0526416015625 0.0537109375
2 0.677783203125 0.8990478515625 0.0509716796875 0.050048828125
2 0.5502392578125 0.90087890625 0.0522412109375 0.0537109375
2 0.3226318359375 0.1214599609375 0.041650390625 0.035400390625
2 0.6289697265625 0.1788330078125 0.0539697265625 0.062255859375
2 0.3763330078125 0.191650390625 0.046552734375 0.0390625
2 0.355576171875 0.2374267578125 0.05109375 0.050048828125
2 0.8010595703125 0.2496337890625 0.049150390625 0.050048828125
2 0.73697265625 0.2606201171875 0.0448486328125 0.047607421875
2 0.50814453125 0.264892578125 0.04904296875 0.0439453125
2 0.45322265625 0.3045654296875 0.0539013671875 0.057373046875
2 0.4196533203125 0.3179931640625 0.042529296875 0.045166015625
2 0.169462890625 0.3460693359375 0.052578125 0.057373046875
2 0.4941015625 0.3765869140625 0.04982421875 0.054931640625
2 0.7113427734375 0.396728515625 0.0546240234375 0.05126953125
2 0.5233984375 0.40283203125 0.0478271484375 0.04638671875
2 0.7613916015625 0.430908203125 0.0405908203125 0.048828125
2 0.848046875 0.4345703125 0.050390625 0.05126953125
2 0.320791015625 0.4632568359375 0.0450048828125 0.050048828125
2 0.549638671875 0.4791259765625 0.0466162109375 0.045166015625