2 0.1548193359375 0.5126953125 0.055009765625 0.05126953125
2 0.456884765625 0.5401611328125 0.04169921875 0.042724609375
2 0.42576171875 0.58837890625 0.0502294921875 0.05126953125
2 0.295771484375 0.5938720703125 0.0535595703125 0.052490234375
2 0.3403271484375 0.6060791015625 0.0502001953125 0.050048828125
2 0.7613818359375 0.61279296875 0.0521630859375 0.0537109375
2 0.4037939453125 0.6378173828125 0.045341796875 0.042724609375
2 0.2536669921875 0.6878662109375 0.042587890625 0.045166015625
2 0.2963916015625 0.692138671875 0.0501806640625 0.04638671875
2 0.5978515625 0.693359375 0.052734375 0.05126953125
2 0.436748046875 0.6976318359375 0.0380322265625 0.037841796875
2 0.2286474609375 0.7086181640625 0.051142578125 0.047607421875
2 0.699755859375 0.72265625 0.0393505859375 0.04150390625
2 0.3037158203125 0.74951171875 0.047744140625 0.048828125
2 0.5233935546875 0.7666015625 0.037607421875 0.04150390625
2 0.645439453125 0.7781982421875 0.049765625 0.054931640625
2 0.7687060546875 0.845947265625 0.054599609375 0.04150390625
2 0.4898388671875 0.1324462890625 0.049033203125 0.047607421875
2 0.5398779296875 0.1806640625 0.049052734375 0.05615234375
2 0.3476513671875 0.1812744140625 0.0526416015625 0.057373046875
2 0.635673828125 0.1861572265625 0.0497705078125 0.045166015625
2 0.4349072265625 0.2154541015625 0.046181640625 0.052490234375
2 0.63080078125 0.228271484375 0.0405419921875 0.0390625
2 0.1950927734375 0.2313232421875 0.050146484375 0.054931640625
2 0.4776318359375 0.247802734375 0.0514697265625 0.0537109375
2 0.5825927734375 0.2606201171875 0.046630859375 0.045166015625
2 0.3452099609375 0.263671875 0.0575244140625 0.0537109375
2 0.240859375 0.2752685546875 0.04162109375 0.047607421875
2 0.56427734375 0.29052734375 0.0388134765625 0.0439453125
2 0.2689306640625 0.3143310546875 0.0562744140625 0.052490234375
2 0.146884765625 0.33203125 0.04158203125 0.05126953125
2 0.2555078125 0.357666015625 0.0489453125 0.04638671875
2 0.5722216796875 0.3839111328125 0.0502880859375 0.054931640625
2 0.33970703125 0.3924560546875 0.0633056640625 0.057373046875
2 0.4648193359375 0.4010009765625 0.047802734375 0.047607421875
2 0.6887646484375 0.4290771484375 0.0485302734375 0.045166015625
2 0.45078125 0.44677734375 0.0465771484375 0.05126953125
2 0.3598583984375 0.452880859375 0.0453271484375 0.0537109375
2 0.5398681640625 0.458984375 0.051025390625 0.0537109375
2 0.2847998046875 0.458984375 0.061162109375 0.05615234375
2 0.1523681640625 0.46142578125 0.047509765625 0.05126953125
2 0.2292578125 0.48095703125 0.05236328125 0.05859375