2 0.2536669921875 0.5267333984375 0.052353515625 0.054931640625
2 0.43064453125 0.5810546875 0.0453515625 0.05126953125
2 0.8266796875 0.5859375 0.05580078125 0.05615234375
2 0.30798828125 0.615234375 0.0562890625 0.05859375
2 0.2115576171875 0.6329345703125 0.0633544921875 0.054931640625
2 0.7912841796875 0.679931640625 0.0558154296875 0.0537109375
2 0.15908203125 0.692138671875 0.0462841796875 0.0537109375
2 0.2072998046875 0.69580078125 0.055029296875 0.05126953125
2 0.23048828125 0.7757568359375 0.05748046875 0.052490234375
2 0.6600927734375 0.7781982421875 0.0478759765625 0.047607421875
2 0.571611328125 0.80322265625 0.058828125 0.05859375
2 0.615537109375 0.291748046875 0.06076171875 0.05615234375
2 0.547802734375 0.382080078125 0.0522412109375 0.05615234375
2 0.10111328125 0.394287109375 0.0452294921875 0.05126953125
2 0.3586376953125 0.396728515625 0.057529296875 0.06103515625