0 0.13363189829529037 0.590875 0.015891360878358855 0.01375
0 0.18130598093036696 0.607625 0.015891360878358855 0.01375
0 0.22984686506789945 0.601625 0.015891360878358855 0.01375
0 0.24934989887315806 0.62575 0.017336030049118753 0.015
0 0.2593181161514013 0.669125 0.015891360878358855 0.01375
0 0.21771164403351634 0.685125 0.015891360878358855 0.01375
0 0.22377925455070788 0.692375 0.015891360878358855 0.01375
0 0.291534238659347 0.70225 0.017336030049118753 0.015
0 0.30496966194741404 0.711625 0.015891360878358855 0.01375
0 0.3028026581912742 0.499875 0.016758162380814793 0.00925
0 0.30366945969373016 0.491375 0.016758162380814793 0.01125
0 0.36607916787055766 0.458 0.017336030049118753 0.015
0 0.4149089858422421 0.4335 0.017336030049118753 0.015
0 0.39381681594914764 0.4105 0.017336030049118753 0.015
0 0.45131464894539153 0.40625 0.019069633054030626 0.0165
0 0.4735625541750939 0.38475 0.019069633054030626 0.0165
0 0.5117018202831551 0.42175 0.019069633054030626 0.0165
0 0.5325050563420977 0.4865 0.017336030049118753 0.015
0 0.347587402484831 0.7665 0.01444669170759896 0.0125
0 0.361745160358278 0.7485 0.011557353366079168 0.012
0 0.35119907541173073 0.753625 0.013002022536839063 0.01125
0 0.374602715978041 0.752125 0.013002022536839063 0.01475
0 0.36896850621207744 0.77175 0.01444669170759896 0.0125
0 0.3809592603293846 0.77375 0.013002022536839063 0.012
0 0.40349609939323894 0.748875 0.015891360878358855 0.01375
0 0.38818260618318406 0.815875 0.015891360878358855 0.01375
0 0.41418665125686216 0.799625 0.015891360878358855 0.01375
0 0.42386593470095346 0.7835 0.01444669170759896 0.0125
0 0.4504478474429356 0.7835 0.01444669170759896 0.0125
0 0.46041606472117885 0.794875 0.013002022536839063 0.01125
0 0.43397861889627276 0.825 0.01444669170759896 0.0125
0 0.42834440913030913 0.851375 0.010112684195319271 0.01125
0 0.43672349032071656 0.850625 0.010112684195319271 0.01225
0 0.5443513435423288 0.83675 0.01444669170759896 0.0125
0 0.5304825195030338 0.71175 0.017336030049118753 0.015
0 0.6298757584513146 0.5905 0.009245882692863335 0.012
0 0.6381103727246461 0.59175 0.013002022536839063 0.014
0 0.708610228257729 0.575875 0.015891360878358855 0.01375
0 0.7980352499277665 0.52275 0.017336030049118753 0.015
0 0.8394972551285755 0.687625 0.015891360878358855 0.01375
0 0.8152268130598093 0.734625 0.015891360878358855 0.01375
0 0.7291245304825195 0.842375 0.00722334585379948 0.01125
0 0.7213233169604161 0.8425 0.008379081190407396 0.013
0 0.7132331696041606 0.84325 0.013002022536839063 0.014
0 0.7337474718289512 0.842 0.008379081190407396 0.0125
0 0.7412597515169026 0.839375 0.013002022536839063 0.01375
0 0.7536839063854377 0.833875 0.015891360878358855 0.01375
0 0.7704420687662525 0.822625 0.015891360878358855 0.01375
0 0.4322450158913609 0.27225 0.01444669170759896 0.0125
0 0.43961282866223633 0.261875 0.015891360878358855 0.01375
0 0.5573533660791679 0.32 0.019069633054030626 0.0165
0 0.6495232591736493 0.27225 0.017336030049118753 0.015
0 0.6370991043051142 0.3065 0.017336030049118753 0.015
0 0.6625252817104883 0.33025 0.017336030049118753 0.015
0 0.7226235192141 0.3285 0.017336030049118753 0.015
0 0.735336607916787 0.3005 0.017336030049118753 0.015
0 0.7544062409708177 0.28825 0.017336030049118753 0.015
0 0.7562843108928056 0.263125 0.015891360878358855 0.01375
0 0.7724646056053164 0.270875 0.015891360878358855 0.01375
0 0.7455937590291823 0.338375 0.015891360878358855 0.01375
0 0.7101993643455649 0.3725 0.017336030049118753 0.015
0 0.736492343253395 0.38075 0.017336030049118753 0.015
0 0.6815949147645189 0.36725 0.017336030049118753 0.015
0 0.6599248772031204 0.4215 0.019069633054030626 0.0165
0 0.6095059231436001 0.42775 0.01473562554175094 0.0155
0 0.6213522103438313 0.430125 0.01473562554175094 0.01575
0 0.8488876047385149 0.43425 0.017336030049118753 0.015
0 0.8302513724357122 0.437125 0.014157757873446981 0.00925
0 0.8302513724357122 0.429125 0.015313493210054898 0.00875
0 0.8640566310314938 0.406375 0.015891360878358855 0.01375
0 0.848020803236059 0.399 0.01444669170759896 0.0125
0 0.8552441490898585 0.37425 0.017336030049118753 0.015
0 0.8746027159780411 0.369 0.017336030049118753 0.015
0 0.930511412886449 0.443875 0.013002022536839063 0.00925
0 0.9318116151401329 0.45225 0.015602427044206876 0.009
0 0.929644611383993 0.468 0.01704709621496677 0.0125
0 0.9180872580179139 0.503625 0.015891360878358855 0.01375
0 0.8831262640855244 0.536625 0.007801213522103438 0.01125
0 0.8773475874024849 0.538375 0.01069055186362323 0.01275
0 0.8855822016758162 0.53375 0.01444669170759896 0.0125