0 0.601822389354932 0.669125 0.016488284639861153 0.01425
0 0.6414521261209141 0.611625 0.016488284639861153 0.01425
0 0.7152155047729245 0.577125 0.016488284639861153 0.01425
0 0.7400925658085045 0.578125 0.016488284639861153 0.01425
0 0.753398900781024 0.620125 0.016488284639861153 0.01425
0 0.7959213190627712 0.599375 0.016488284639861153 0.01425
0 0.8031530228521839 0.592125 0.016488284639861153 0.01425
0 0.8566676308938386 0.669375 0.016488284639861153 0.01425
0 0.9107607752386462 0.650375 0.016488284639861153 0.01425
0 0.7895574197280879 0.698125 0.016488284639861153 0.01425
0 0.8074920451258316 0.713375 0.016488284639861153 0.01425
0 0.8092276540352907 0.731875 0.016488284639861153 0.01425
0 0.7212901359560312 0.706625 0.016488284639861153 0.01425
0 0.7079838009835118 0.725875 0.016488284639861153 0.01425
0 0.6261209140873589 0.690625 0.016488284639861153 0.01425
0 0.6116575065085335 0.734375 0.016488284639861153 0.01425
0 0.32672837720566966 0.725125 0.016488284639861153 0.01425
0 0.17920161990164882 0.739625 0.016488284639861153 0.01425
0 0.24862597628001157 0.774625 0.016488284639861153 0.01425
0 0.26569279722302575 0.792125 0.016488284639861153 0.01425
0 0.1508533410471507 0.725625 0.016488284639861153 0.01425
0 0.14015041943881978 0.681125 0.016488284639861153 0.01425
0 0.14940700028926815 0.665625 0.016488284639861153 0.01425
0 0.10919872722013306 0.575375 0.016488284639861153 0.01425
0 0.132918715649407 0.505375 0.016488284639861153 0.01425
0 0.18151576511426093 0.370125 0.016488284639861153 0.01425
0 0.18990454150997976 0.369875 0.016488284639861153 0.01425
0 0.15721724038183396 0.363625 0.016488284639861153 0.01425
0 0.20263234017934625 0.314375 0.016488284639861153 0.01425
0 0.30908301995950244 0.259375 0.016488284639861153 0.01425
0 0.3932600520682673 0.251125 0.016488284639861153 0.01425
0 0.39499566097772637 0.246625 0.016488284639861153 0.01425
0 0.3712756725484524 0.288875 0.016488284639861153 0.01425
0 0.38371420306624243 0.320125 0.016488284639861153 0.01425
0 0.47512293896442004 0.276375 0.016488284639861153 0.01425
0 0.5017356089094591 0.262375 0.016488284639861153 0.01425
0 0.5080995082441423 0.287625 0.016488284639861153 0.01425
0 0.5034712178189181 0.307375 0.016488284639861153 0.01425
0 0.613682383569569 0.229625 0.016488284639861153 0.01425
0 0.6105004339022274 0.249875 0.016488284639861153 0.01425
0 0.6489730980619034 0.307875 0.016488284639861153 0.01425
0 0.6093433612959214 0.298625 0.016488284639861153 0.01425
0 0.6828174717963552 0.384625 0.016488284639861153 0.01425
0 0.752820364477871 0.376625 0.016488284639861153 0.01425
0 0.7722013306334973 0.353625 0.016488284639861153 0.01425
0 0.7126120914087359 0.455875 0.016488284639861153 0.01425
0 0.6839745444026613 0.456375 0.016488284639861153 0.01425
0 0.7597628001157073 0.453625 0.016488284639861153 0.01425
0 0.7698871854208852 0.442875 0.016488284639861153 0.01425
0 0.8482788544981198 0.468625 0.016488284639861153 0.01425
0 0.8991900491755858 0.477875 0.016488284639861153 0.01425
0 0.8705525021695112 0.527125 0.016488284639861153 0.01425
0 0.7487706103557998 0.549625 0.016488284639861153 0.01425
0 0.9263812554237778 0.704375 0.016488284639861153 0.01425
0 0.9628290425224183 0.577125 0.016488284639861153 0.01425
0 0.2703210876482499 0.353625 0.016488284639861153 0.01425
0 0.2833381544691929 0.349125 0.016488284639861153 0.01425
0 0.3113971651721146 0.368875 0.016488284639861153 0.01425
0 0.3215215504772925 0.419625 0.016488284639861153 0.01425
0 0.21362452993925368 0.471375 0.016488284639861153 0.01425
0 0.30676887474689035 0.468625 0.016488284639861153 0.01425
0 0.41177321376916404 0.498875 0.016488284639861153 0.01425
0 0.43693954295632054 0.498625 0.016488284639861153 0.01425
0 0.4603702632340179 0.466375 0.016488284639861153 0.01425
0 0.4670234307202777 0.463875 0.016488284639861153 0.01425
0 0.5164882846398612 0.498375 0.016488284639861153 0.01425
0 0.2772635232860862 0.578625 0.016488284639861153 0.01425
0 0.2573040208273069 0.563625 0.016488284639861153 0.01425
0 0.25556841191784785 0.592125 0.016488284639861153 0.01425
0 0.3186288689615273 0.605875 0.016488284639861153 0.01425
0 0.35999421463696846 0.613875 0.016488284639861153 0.01425
0 0.34119178478449524 0.625875 0.016488284639861153 0.01425
0 0.28362742262076945 0.629125 0.016488284639861153 0.01425
0 0.4667341625687012 0.635875 0.016488284639861153 0.01425
0 0.473387330054961 0.623875 0.016488284639861153 0.01425
0 0.5043390222736477 0.600125 0.016488284639861153 0.01425
0 0.5266126699450391 0.570625 0.016488284639861153 0.01425
0 0.6967023430720277 0.508375 0.016488284639861153 0.01425
0 0.7834827885449812 0.792375 0.016488284639861153 0.01425
0 0.7181081862886897 0.788625 0.016488284639861153 0.01425
0 0.5535146080416546 0.808625 0.016488284639861153 0.01425
0 0.5269019380966156 0.777375 0.016488284639861153 0.01425
0 0.49681805033265836 0.790875 0.016488284639861153 0.01425
0 0.588226786230836 0.865625 0.016488284639861153 0.01425
0 0.815591553369974 0.788625 0.016488284639861153 0.01425
0 0.5607463118310674 0.374375 0.016488284639861153 0.01425