0 0.7859004053271569 0.429125 0.016502605674580197 0.01425
0 0.7803995367689636 0.415875 0.016502605674580197 0.01425
0 0.7702663578459756 0.399875 0.016502605674580197 0.01425
0 0.8177475390851187 0.387375 0.016502605674580197 0.01425
0 0.7430515344528084 0.398875 0.016502605674580197 0.01425
0 0.7317602779386219 0.406125 0.016502605674580197 0.01425
0 0.7100463231036479 0.403125 0.016502605674580197 0.01425
0 0.7459467284308049 0.449375 0.016502605674580197 0.01425
0 0.75839606253619 0.447125 0.016502605674580197 0.01425
0 0.7317602779386219 0.469875 0.016502605674580197 0.01425
0 0.6860162130862768 0.403125 0.016502605674580197 0.01425
0 0.6886218876664737 0.386375 0.016502605674580197 0.01425
0 0.5528372900984366 0.360625 0.016502605674580197 0.01425
0 0.5910538506079908 0.448875 0.016502605674580197 0.01425
0 0.6023451071221771 0.497375 0.016502605674580197 0.01425
0 0.5398089171974523 0.484875 0.016502605674580197 0.01425
0 0.523306311522872 0.512375 0.016502605674580197 0.01425
0 0.552547770700637 0.545875 0.016502605674580197 0.01425
0 0.4729299363057325 0.351875 0.016502605674580197 0.01425
0 0.42602779386218875 0.327125 0.016502605674580197 0.01425
0 0.32498552403011 0.269375 0.016502605674580197 0.01425
0 0.42544875506658947 0.228875 0.016502605674580197 0.01425
0 0.5114360162130863 0.216125 0.016502605674580197 0.01425
0 0.578314997104806 0.241625 0.016502605674580197 0.01425
0 0.8409090909090909 0.304625 0.016502605674580197 0.01425
0 0.8414881297046902 0.341375 0.016502605674580197 0.01425
0 0.7670816444701795 0.340125 0.016502605674580197 0.01425
0 0.8765199768384482 0.374875 0.016502605674580197 0.01425
0 0.901708164447018 0.426875 0.016502605674580197 0.01425
0 0.9185002895193978 0.405625 0.016502605674580197 0.01425
0 0.9121308627678054 0.456625 0.016502605674580197 0.01425
0 0.9457151129125652 0.507625 0.016502605674580197 0.01425
0 0.8371453387376955 0.536875 0.016502605674580197 0.01425
0 0.8168789808917197 0.540125 0.016502605674580197 0.01425
0 0.8617544875506659 0.592375 0.016502605674580197 0.01425
0 0.8232484076433121 0.627125 0.016502605674580197 0.01425
0 0.7893746381007527 0.611125 0.016502605674580197 0.01425
0 0.8319339895773017 0.694125 0.016502605674580197 0.01425
0 0.8168789808917197 0.703125 0.016502605674580197 0.01425
0 0.7879270411117545 0.723625 0.016502605674580197 0.01425
0 0.776635784597568 0.738625 0.016502605674580197 0.01425
0 0.7638969310943833 0.747625 0.016502605674580197 0.01425
0 0.7117834394904459 0.819375 0.016502605674580197 0.01425
0 0.6973074696004632 0.837125 0.016502605674580197 0.01425
0 0.6029241459177765 0.847625 0.016502605674580197 0.01425
0 0.6032136653155762 0.877125 0.016502605674580197 0.01425
0 0.5073827446438911 0.846875 0.016502605674580197 0.01425
0 0.47177185871453386 0.770125 0.016502605674580197 0.01425
0 0.4054719166184134 0.800125 0.016502605674580197 0.01425
0 0.2511580775911986 0.817125 0.016502605674580197 0.01425
0 0.24536768963520555 0.751875 0.016502605674580197 0.01425
0 0.18514765489287782 0.606625 0.016502605674580197 0.01425
0 0.20715112912565142 0.601875 0.016502605674580197 0.01425
0 0.13853503184713375 0.603375 0.016502605674580197 0.01425
0 0.1590909090909091 0.567375 0.016502605674580197 0.01425
0 0.1724088013896931 0.566625 0.016502605674580197 0.01425
0 0.15387955993051536 0.532375 0.016502605674580197 0.01425
0 0.16546033584250144 0.508625 0.016502605674580197 0.01425
0 0.17211928199189347 0.408375 0.016502605674580197 0.01425
0 0.215836711059641 0.366375 0.016502605674580197 0.01425
0 0.19151708164447018 0.346375 0.016502605674580197 0.01425
0 0.24913144180660104 0.351125 0.016502605674580197 0.01425
0 0.34756803705848294 0.388875 0.016502605674580197 0.01425
0 0.2279965257672264 0.403125 0.016502605674580197 0.01425
0 0.277504342790967 0.484875 0.016502605674580197 0.01425
0 0.2549218297625941 0.488875 0.016502605674580197 0.01425
0 0.339171974522293 0.518875 0.016502605674580197 0.01425
0 0.3435147654892878 0.551125 0.016502605674580197 0.01425
0 0.33830341632889405 0.572625 0.016502605674580197 0.01425
0 0.45121598147075853 0.613375 0.016502605674580197 0.01425
0 0.39997104806022005 0.643375 0.016502605674580197 0.01425
0 0.30356108859293573 0.702875 0.016502605674580197 0.01425
0 0.32469600463231035 0.710625 0.016502605674580197 0.01425
0 0.3490156340474812 0.703125 0.016502605674580197 0.01425
0 0.32498552403011 0.667625 0.016502605674580197 0.01425
0 0.21728430804863927 0.525125 0.016502605674580197 0.01425
0 0.10524030110017371 0.463625 0.016502605674580197 0.01425
0 0.1090040532715692 0.441125 0.016502605674580197 0.01425
0 0.5065141864504922 0.741875 0.016502605674580197 0.01425
0 0.584973943254198 0.770875 0.016502605674580197 0.01425
0 0.6451939779965258 0.699375 0.016502605674580197 0.01425
0 0.6347712796757383 0.648125 0.016502605674580197 0.01425
0 0.5922119281991893 0.634875 0.016502605674580197 0.01425
0 0.5722350897510133 0.649375 0.016502605674580197 0.01425
0 0.5838158656629994 0.656125 0.016502605674580197 0.01425
0 0.6489577301679212 0.559375 0.016502605674580197 0.01425
0 0.6726983207874928 0.539875 0.016502605674580197 0.01425
0 0.6680660104226983 0.594375 0.016502605674580197 0.01425
0 0.6570642733063116 0.608125 0.016502605674580197 0.01425
0 0.7879270411117545 0.510625 0.016502605674580197 0.01425
0 0.47611464968152867 0.263875 0.016502605674580197 0.01425
0 0.5681818181818182 0.180625 0.016502605674580197 0.01425
0 0.511725535610886 0.175375 0.016502605674580197 0.01425
0 0.6359293572669369 0.322625 0.016502605674580197 0.01425
0 0.9347133757961783 0.680875 0.016502605674580197 0.01425
0 0.42110596409959467 0.903625 0.016502605674580197 0.01425
0 0.160828025477707 0.335125 0.016502605674580197 0.01425