0 0.41522241478913924 0.702875 0.016464471403812825 0.01425
0 0.3791161178509532 0.733125 0.016464471403812825 0.01425
0 0.3519641825534373 0.775125 0.016464471403812825 0.01425
0 0.322212593876372 0.767125 0.016464471403812825 0.01425
0 0.5486712882726748 0.710875 0.016464471403812825 0.01425
0 0.3031484690930098 0.736625 0.016464471403812825 0.01425
0 0.2832177931831311 0.667625 0.016464471403812825 0.01425
0 0.23873483535528597 0.702125 0.016464471403812825 0.01425
0 0.22429231658001156 0.751125 0.016464471403812825 0.01425
0 0.17027729636048528 0.694625 0.016464471403812825 0.01425
0 0.2037839399191219 0.663125 0.016464471403812825 0.01425
0 0.19858463316002312 0.628125 0.016464471403812825 0.01425
0 0.13243789716926632 0.628375 0.016464471403812825 0.01425
0 0.12377238590410168 0.614875 0.016464471403812825 0.01425
0 0.07900057770075102 0.543625 0.016464471403812825 0.01425
0 0.2430675909878683 0.532125 0.016464471403812825 0.01425
0 0.3118139803581745 0.527625 0.016464471403812825 0.01425
0 0.34820912767186596 0.542125 0.016464471403812825 0.01425
0 0.299104563835933 0.469125 0.016464471403812825 0.01425
0 0.37507221259387635 0.449375 0.016464471403812825 0.01425
0 0.2176487579433853 0.443125 0.016464471403812825 0.01425
0 0.13157134604274986 0.487875 0.014731369150779897 0.01275
0 0.1870306181398036 0.366875 0.016464471403812825 0.01425
0 0.31268053148469094 0.367125 0.014731369150779897 0.01275
0 0.42388792605430387 0.380875 0.016464471403812825 0.01425
0 0.5082322357019065 0.357375 0.014731369150779897 0.01275
0 0.5405834777585211 0.403375 0.016464471403812825 0.01425
0 0.5142980935875217 0.428625 0.014731369150779897 0.01275
0 0.5209416522241479 0.462125 0.014731369150779897 0.01275
0 0.5876660889659157 0.424125 0.016464471403812825 0.01425
0 0.590265742345465 0.371875 0.014731369150779897 0.01275
0 0.5657134604274986 0.344125 0.016464471403812825 0.01425
0 0.2915944540727903 0.324125 0.016464471403812825 0.01425
0 0.26126516464471405 0.321125 0.016464471403812825 0.01425
0 0.4435297515886771 0.265375 0.016464471403812825 0.01425
0 0.5400057770075101 0.242625 0.016464471403812825 0.01425
0 0.5712016175621029 0.274125 0.016464471403812825 0.01425
0 0.6743212016175621 0.236625 0.016464471403812825 0.01425
0 0.701473136915078 0.198875 0.016464471403812825 0.01425
0 0.7485557481224726 0.360875 0.016464471403812825 0.01425
0 0.7713749277874061 0.392625 0.016464471403812825 0.01425
0 0.9155112651646448 0.450125 0.016464471403812825 0.01425
0 0.7603986135181976 0.462125 0.016464471403812825 0.01425
0 0.8028596187175043 0.483625 0.016464471403812825 0.01425
0 0.8008376660889659 0.505125 0.016464471403812825 0.01425
0 0.7303581744656268 0.504875 0.016464471403812825 0.01425
0 0.639948006932409 0.547125 0.016464471403812825 0.01425
0 0.6465915655690352 0.575375 0.016464471403812825 0.01425
0 0.6272385904101675 0.573875 0.016464471403812825 0.01425
0 0.6954072790294628 0.571625 0.016464471403812825 0.01425
0 0.7043616406701328 0.571875 0.016464471403812825 0.01425
0 0.7234257654534951 0.569625 0.016464471403812825 0.01425
0 0.8161467359907568 0.621125 0.016464471403812825 0.01425
0 0.847631426920855 0.564375 0.016464471403812825 0.01425
0 0.8326112073945696 0.660375 0.016464471403812825 0.01425
0 0.715049104563836 0.663125 0.016464471403812825 0.01425
0 0.7921721548238013 0.709375 0.016464471403812825 0.01425
0 0.6815424610051993 0.711125 0.016464471403812825 0.01425
0 0.8690063547082612 0.739125 0.016464471403812825 0.01425
0 0.860051993067591 0.763875 0.016464471403812825 0.01425
0 0.7699306759098787 0.835375 0.016464471403812825 0.01425
0 0.5030329289428076 0.878875 0.016464471403812825 0.01425
0 0.493789716926632 0.901875 0.016464471403812825 0.01425
0 0.42648757943385324 0.904625 0.016464471403812825 0.01425
0 0.481369150779896 0.822375 0.016464471403812825 0.01425
0 0.2939052570768342 0.836375 0.016464471403812825 0.01425
0 0.5238301559792028 0.629125 0.016464471403812825 0.01425
0 0.505054881571346 0.616125 0.016464471403812825 0.01425
0 0.4802137492778741 0.602125 0.016464471403812825 0.01425
0 0.464471403812825 0.60075 0.012131715771230503 0.0105
0 0.408001155401502 0.588875 0.013575967648757943 0.01175
0 0.5475158867706528 0.535125 0.016464471403812825 0.01425
0 0.9149335644136337 0.561375 0.016464471403812825 0.01425
0 0.9195551704217215 0.630875 0.016464471403812825 0.01425