0 0.4134837962962963 0.54425 0.02199074074074074 0.019
0 0.38642939814814814 0.518375 0.019965277777777776 0.01725
0 0.35517939814814814 0.578625 0.024016203703703703 0.02075
0 0.4596354166666667 0.591125 0.019965277777777776 0.01725
0 0.45674189814814814 0.663625 0.019965277777777776 0.01725
0 0.43344907407407407 0.6755 0.02199074074074074 0.019
0 0.31886574074074076 0.6525 0.02199074074074074 0.019
0 0.2365451388888889 0.762125 0.019965277777777776 0.01725
0 0.2573784722222222 0.809875 0.019965277777777776 0.01725
0 0.3233506944444444 0.841625 0.019965277777777776 0.01725
0 0.17086226851851852 0.660875 0.019965277777777776 0.01725
0 0.20225694444444445 0.597 0.017939814814814815 0.0155
0 0.1824363425925926 0.565875 0.019965277777777776 0.01725
0 0.1372974537037037 0.564875 0.016493055555555556 0.01425
0 0.12297453703703703 0.56475 0.017939814814814815 0.0155
0 0.17997685185185186 0.51475 0.017939814814814815 0.0155
0 0.1216724537037037 0.508125 0.019965277777777776 0.01725
0 0.12586805555555555 0.483 0.017939814814814815 0.0155
0 0.14684606481481483 0.407375 0.019965277777777776 0.01725
0 0.25679976851851855 0.302625 0.019965277777777776 0.01725
0 0.34519675925925924 0.2565 0.017939814814814815 0.0155
0 0.34577546296296297 0.24 0.017939814814814815 0.0155
0 0.38382523148148145 0.242375 0.019965277777777776 0.01725
0 0.33232060185185186 0.219375 0.019965277777777776 0.01725
0 0.4848090277777778 0.259875 0.019965277777777776 0.01725
0 0.5034722222222222 0.22875 0.02199074074074074 0.019
0 0.58984375 0.220625 0.019965277777777776 0.01725
0 0.5988136574074074 0.245875 0.019965277777777776 0.01725
0 0.6231192129629629 0.228625 0.019965277777777776 0.01725
0 0.6634837962962963 0.2165 0.017939814814814815 0.0155
0 0.5318287037037037 0.17325 0.02199074074074074 0.019
0 0.7045717592592593 0.1855 0.017939814814814815 0.0155
0 0.7683738425925926 0.271625 0.019965277777777776 0.01725
0 0.6938657407407407 0.308 0.017939814814814815 0.0155
0 0.7923900462962963 0.308375 0.019965277777777776 0.01725
0 0.7718460648148148 0.353625 0.019965277777777776 0.01725
0 0.7641782407407407 0.38 0.017939814814814815 0.0155
0 0.6775173611111112 0.404375 0.019965277777777776 0.01725
0 0.6666666666666666 0.41025 0.017939814814814815 0.0155
0 0.6346932870370371 0.440125 0.019965277777777776 0.01725
0 0.7018229166666666 0.460125 0.019965277777777776 0.01725
0 0.5892650462962963 0.477375 0.019965277777777776 0.01725
0 0.7024016203703703 0.559625 0.019965277777777776 0.01725
0 0.7145543981481481 0.589375 0.019965277777777776 0.01725
0 0.7355324074074074 0.61525 0.017939814814814815 0.0155
0 0.6540798611111112 0.605625 0.019965277777777776 0.01725
0 0.6179108796296297 0.601625 0.019965277777777776 0.01725
0 0.6060474537037037 0.619875 0.019965277777777776 0.01725
0 0.7400173611111112 0.652125 0.019965277777777776 0.01725
0 0.6176215277777778 0.683375 0.019965277777777776 0.01725
0 0.6637731481481481 0.73325 0.02199074074074074 0.019
0 0.6990740740740741 0.77125 0.017939814814814815 0.0155
0 0.6263020833333334 0.782125 0.019965277777777776 0.01725
0 0.6613136574074074 0.850375 0.019965277777777776 0.01725
0 0.7488425925925926 0.83075 0.017939814814814815 0.0155
0 0.8045428240740741 0.810375 0.019965277777777776 0.01725
0 0.6578414351851852 0.881125 0.019965277777777776 0.01725
0 0.5970775462962963 0.863625 0.019965277777777776 0.01725
0 0.4487847222222222 0.811 0.02199074074074074 0.019
0 0.40234375 0.771375 0.019965277777777776 0.01725
0 0.9035011574074074 0.732875 0.019965277777777776 0.01725
0 0.8200231481481481 0.7125 0.02199074074074074 0.019
0 0.9063946759259259 0.635125 0.019965277777777776 0.01725
0 0.8600983796296297 0.603125 0.019965277777777776 0.01725
0 0.9587673611111112 0.589125 0.019965277777777776 0.01725
0 0.8263888888888888 0.536 0.02199074074074074 0.019
0 0.8195891203703703 0.585125 0.019965277777777776 0.01725
0 0.3177083333333333 0.4415 0.02199074074074074 0.019
0 0.28313078703703703 0.521125 0.019965277777777776 0.01725
0 0.47410300925925924 0.415375 0.024016203703703703 0.02075
0 0.5208333333333334 0.343 0.02199074074074074 0.019
0 0.5866608796296297 0.356625 0.019965277777777776 0.01725