0 0.5254508435136708 0.260625 0.016579406631762654 0.01425
0 0.49374636416521234 0.273375 0.016579406631762654 0.01425
0 0.42422920302501455 0.203875 0.016579406631762654 0.01425
0 0.7072425828970331 0.235375 0.016579406631762654 0.01425
0 0.7534904013961605 0.242875 0.016579406631762654 0.01425
0 0.7005526468877254 0.312875 0.016579406631762654 0.01425
0 0.8787085514834206 0.39725 0.018033740546829553 0.0155
0 0.9621873182082606 0.4445 0.018033740546829553 0.0155
0 0.8821989528795812 0.46825 0.018033740546829553 0.0155
0 0.8308609656777196 0.499625 0.02006980802792321 0.01725
0 0.756108202443281 0.425875 0.02006980802792321 0.01725
0 0.6892088423502036 0.421625 0.02006980802792321 0.01725
0 0.6448516579406631 0.50475 0.018033740546829553 0.0155
0 0.6307446189645143 0.569375 0.02006980802792321 0.01725
0 0.6355439208842351 0.57625 0.018033740546829553 0.0155
0 0.7920302501454334 0.60475 0.018033740546829553 0.0155
0 0.8840895869691682 0.674875 0.02006980802792321 0.01725
0 0.7383653286794648 0.685875 0.02006980802792321 0.01725
0 0.6015125072716696 0.7975 0.02210587550901687 0.019
0 0.6676847004072135 0.812125 0.02006980802792321 0.01725
0 0.60456660849331 0.823125 0.02006980802792321 0.01725
0 0.585369400814427 0.858875 0.02006980802792321 0.01725
0 0.7110238510762071 0.870625 0.02006980802792321 0.01725
0 0.7876672484002327 0.8315 0.018033740546829553 0.0155
0 0.5879872018615474 0.906375 0.02006980802792321 0.01725
0 0.3685282140779523 0.8565 0.018033740546829553 0.0155
0 0.2193135543920884 0.76325 0.018033740546829553 0.0155
0 0.38496218731820825 0.776375 0.016579406631762654 0.01425
0 0.39863292611983714 0.773625 0.016579406631762654 0.01425
0 0.2869400814426992 0.701125 0.016579406631762654 0.01425
0 0.24214659685863874 0.672625 0.016579406631762654 0.01425
0 0.2284758580570099 0.641625 0.016579406631762654 0.01425
0 0.2662885398487493 0.633625 0.016579406631762654 0.01425
0 0.18368237347294938 0.488625 0.016579406631762654 0.01425
0 0.2430191972076789 0.463125 0.016579406631762654 0.01425
0 0.19415357766143107 0.426125 0.016579406631762654 0.01425
0 0.21305991855730075 0.376625 0.016579406631762654 0.01425
0 0.20927865037812682 0.353625 0.016579406631762654 0.01425
0 0.14645142524723676 0.365625 0.016579406631762654 0.01425
0 0.32446189645142526 0.406375 0.016579406631762654 0.01425
0 0.3494764397905759 0.388875 0.016579406631762654 0.01425
0 0.4303374054682955 0.446625 0.016579406631762654 0.01425
0 0.42393833624200117 0.480125 0.016579406631762654 0.01425
0 0.429173938336242 0.526375 0.016579406631762654 0.01425
0 0.4826934264107039 0.516875 0.016579406631762654 0.01425
0 0.47600349040139617 0.341875 0.016579406631762654 0.01425
0 0.4512798138452589 0.604375 0.016579406631762654 0.01425