0 0.3006649320612894 0.27925 0.017346053772766695 0.015
0 0.3446082682856317 0.264 0.019080659150043366 0.0165
0 0.5404741254697889 0.182125 0.021104365423532813 0.01825
0 0.5276091355883203 0.264 0.019080659150043366 0.0165
0 0.5808037004914716 0.27675 0.019080659150043366 0.0165
0 0.6056663775657705 0.27275 0.019080659150043366 0.0165
0 0.6565481352992194 0.277 0.019080659150043366 0.0165
0 0.48250939577912694 0.34 0.019080659150043366 0.0165
0 0.3151199768719283 0.39075 0.017346053772766695 0.015
0 0.2995085284764383 0.433 0.017346053772766695 0.015
0 0.29603931772188496 0.44725 0.017346053772766695 0.015
0 0.31569817866435385 0.508 0.017346053772766695 0.015
0 0.2775368603642671 0.5345 0.017346053772766695 0.015
0 0.2795605666377566 0.54875 0.017346053772766695 0.015
0 0.35935241399248335 0.528 0.019080659150043366 0.0165
0 0.3798785776235906 0.553 0.017346053772766695 0.015
0 0.39144261347210174 0.5705 0.017346053772766695 0.015
0 0.37438566059554784 0.58725 0.017346053772766695 0.015
0 0.45157559988435964 0.558 0.017346053772766695 0.015
0 0.46487424111014747 0.57375 0.017346053772766695 0.015
0 0.4908933217692975 0.565 0.017346053772766695 0.015
0 0.2969066204105233 0.64275 0.014455044810638912 0.0125
0 0.30283318878288523 0.636625 0.013009540329575022 0.01125
0 0.2918473547267997 0.633125 0.010696733159872795 0.00925
0 0.28924544666088464 0.639875 0.008962127782596125 0.00775
0 0.2951720150332466 0.623 0.017346053772766695 0.015
0 0.3245157559988436 0.657125 0.015900549291702804 0.01375
0 0.37713211910956923 0.638625 0.015900549291702804 0.01375
0 0.35964151488869617 0.6325 0.017346053772766695 0.015
0 0.40387395200925125 0.6495 0.017346053772766695 0.015
0 0.3553050014455045 0.67675 0.008673026886383347 0.015
0 0.3629661751951431 0.67825 0.014165943914426134 0.015
0 0.3490893321769297 0.674625 0.013009540329575022 0.01575
0 0.26770742989303264 0.71925 0.017346053772766695 0.015
0 0.34807747904018504 0.74725 0.019080659150043366 0.0165
0 0.3908644116796762 0.75725 0.019080659150043366 0.0165
0 0.45938132408210464 0.69525 0.017346053772766695 0.015
0 0.7016478751084129 0.84025 0.019080659150043366 0.0165
0 0.6692685747325817 0.71825 0.019080659150043366 0.0165
0 0.7993639780283319 0.77175 0.019080659150043366 0.0165
0 0.8256721595836947 0.74925 0.019080659150043366 0.0165
0 0.8681699913269731 0.6955 0.019080659150043366 0.0165
0 0.8803122289679098 0.67625 0.019080659150043366 0.0165
0 0.4984099450708297 0.529 0.017346053772766695 0.015
0 0.5192252095981498 0.52775 0.017346053772766695 0.015
0 0.4426134721017635 0.50975 0.017346053772766695 0.015
0 0.4625614339404452 0.4195 0.019080659150043366 0.0165
0 0.5640358485111304 0.45775 0.017346053772766695 0.015
0 0.5478461983232148 0.47575 0.019080659150043366 0.0165
0 0.572419774501301 0.44675 0.019080659150043366 0.0165
0 0.5929459381324083 0.47475 0.019080659150043366 0.0165
0 0.6250361376120266 0.4835 0.019080659150043366 0.0165
0 0.6585718415727089 0.5135 0.019080659150043366 0.0165
0 0.6987568661462851 0.56325 0.019080659150043366 0.0165
0 0.7331598727956057 0.532 0.019080659150043366 0.0165
0 0.7623590633130962 0.53175 0.019080659150043366 0.0165
0 0.7794160161896502 0.548 0.019080659150043366 0.0165
0 0.8025440878866724 0.55175 0.019080659150043366 0.0165
0 0.803122289679098 0.5695 0.019080659150043366 0.0165
0 0.9187626481642093 0.50375 0.019080659150043366 0.0165
0 0.8440300664932061 0.483625 0.021104365423532813 0.01825
0 0.826539462272333 0.467 0.019080659150043366 0.0165
0 0.5941023417172593 0.409 0.019080659150043366 0.0165
0 0.7000578201792426 0.463625 0.015900549291702804 0.01375
0 0.6884937843307314 0.464625 0.013009540329575022 0.01575
0 0.6984677652500723 0.44975 0.017346053772766695 0.015
0 0.7487713211910957 0.4265 0.019080659150043366 0.0165
0 0.7655391731714368 0.4165 0.017346053772766695 0.015
0 0.795316565481353 0.43025 0.019080659150043366 0.0165
0 0.6827117664064759 0.400125 0.021104365423532813 0.01825
0 0.6672448684590923 0.374 0.019080659150043366 0.0165
0 0.6915293437409656 0.35325 0.019080659150043366 0.0165
0 0.6446949985544955 0.36575 0.017346053772766695 0.015
0 0.6357328707718994 0.356 0.017346053772766695 0.015
0 0.6913847932928592 0.312375 0.021104365423532813 0.01825
0 0.7474703671581382 0.3505 0.015900549291702804 0.015
0 0.738074588031223 0.34775 0.01503324660306447 0.0165
0 0.8132408210465453 0.352 0.019080659150043366 0.0165
0 0.8334778837814397 0.383 0.019080659150043366 0.0165