0 0.23139299160150595 0.77875 0.01737619461337967 0.015
0 0.1343759050101361 0.65275 0.019113814074717638 0.0165
0 0.297712134375905 0.62675 0.019113814074717638 0.0165
0 0.3342021430640023 0.62275 0.014480162177816391 0.0125
0 0.3294236895453229 0.618375 0.01592817839559803 0.01375
0 0.31479872574572837 0.5605 0.01737619461337967 0.015
0 0.31277150304083406 0.543125 0.01853460758760498 0.00925
0 0.3120474949319432 0.53475 0.019403417318273965 0.0105
0 0.47856935997683175 0.586875 0.01592817839559803 0.01375
0 0.45091225021720244 0.55 0.019113814074717638 0.0165
0 0.2997393570807993 0.441 0.019113814074717638 0.0165
0 0.13770634231103387 0.438375 0.01592817839559803 0.01375
0 0.17549956559513466 0.3635 0.014480162177816391 0.0125
0 0.18375325803649 0.359625 0.01592817839559803 0.01375
0 0.2516652186504489 0.2555 0.014480162177816391 0.0125
0 0.24181870836953373 0.262 0.014480162177816391 0.0125
0 0.4226759339704605 0.189875 0.01592817839559803 0.01375
0 0.4859542426875181 0.30275 0.019113814074717638 0.0165
0 0.5102809151462496 0.29025 0.01737619461337967 0.015
0 0.5487981465392412 0.27775 0.01737619461337967 0.015
0 0.5531421951925861 0.24675 0.01737619461337967 0.015
0 0.5873153779322329 0.311 0.019113814074717638 0.0165
0 0.5276571097596293 0.3505 0.019113814074717638 0.0165
0 0.6145380828265277 0.37325 0.01737619461337967 0.015
0 0.6385751520417029 0.34275 0.01737619461337967 0.015
0 0.6686938893715609 0.38 0.01737619461337967 0.015
0 0.6959165942658557 0.377 0.01737619461337967 0.015
0 0.6562409498986389 0.44975 0.01737619461337967 0.015
0 0.7053286996814364 0.452625 0.01592817839559803 0.01375
0 0.691717347234289 0.555375 0.01592817839559803 0.01375
0 0.7602085143353605 0.56175 0.01737619461337967 0.015
0 0.8927019982623805 0.402375 0.01592817839559803 0.01375
0 0.7816391543585288 0.38075 0.01737619461337967 0.015
0 0.7735302635389516 0.367 0.014480162177816391 0.0125
0 0.7790327251665219 0.358 0.014480162177816391 0.0125
0 0.8155227338546192 0.36025 0.01737619461337967 0.015
0 0.7458731537793223 0.364125 0.01592817839559803 0.01375
0 0.7599189110918042 0.34725 0.01737619461337967 0.015
0 0.8717057631045467 0.32075 0.014480162177816391 0.0125
0 0.8081378511439328 0.306875 0.01592817839559803 0.01375
0 0.7774399073269621 0.305625 0.01592817839559803 0.01375
0 0.7218360845641472 0.279625 0.01592817839559803 0.01375
0 0.7085143353605561 0.291875 0.01592817839559803 0.01375
0 0.6770923834346945 0.3125 0.009846510280915146 0.0085
0 0.6362583260932523 0.29425 0.01737619461337967 0.015
0 0.6246741963509991 0.2455 0.01737619461337967 0.015
0 0.611352447147408 0.18825 0.014480162177816391 0.0125
0 0.6229365768896612 0.1815 0.014480162177816391 0.0125
0 0.6374167390674775 0.197 0.014480162177816391 0.0125
0 0.6485664639443962 0.190375 0.01592817839559803 0.01375
0 0.7166232261801332 0.238625 0.01187373298580944 0.01025
0 0.7205328699681437 0.22525 0.01737619461337967 0.015
0 0.7047494931943238 0.257125 0.013032145960034752 0.01125
0 0.7134375905010136 0.254125 0.014190558934260064 0.01125
0 0.7098175499565595 0.264875 0.016796988126267013 0.01125
0 0.689979727772951 0.238625 0.01592817839559803 0.00875
0 0.6905589342600638 0.2305 0.01592817839559803 0.01