0 0.27707190297429973 0.247 0.08894022523823275 0.077
0 0.2180190586196939 0.346 0.08894022523823275 0.077
0 0.3030609298296275 0.403 0.0730580421599769 0.064
0 0.36298007507941094 0.562 0.09789200115506785 0.085
0 0.5129945134276639 0.645 0.10713254403696217 0.093
0 0.3779959572624892 0.782 0.08894022523823275 0.077
0 0.5359514871498701 0.784 0.09789200115506785 0.085
0 0.6920300317643662 0.438 0.08114351718163441 0.07
0 0.767975743574935 0.243 0.08894022523823275 0.077
0 0.91004909038406 0.37 0.0730580421599769 0.064
0 0.871931850996246 0.413 0.08894022523823275 0.079