0 0.6349302607640994 0.427 0.09915100060642813 0.082
0 0.6549423893268648 0.483 0.09915100060642813 0.082
0 0.6409945421467557 0.558 0.10885385081867799 0.089
0 0.7880533656761673 0.529 0.11885991510006064 0.099
0 0.8890236506973923 0.47 0.0900545785324439 0.074
0 0.8459672528805336 0.456 0.0818677986658581 0.067
0 0.8920557913887205 0.389 0.0900545785324439 0.074
0 0.8409642207398423 0.325 0.10885385081867799 0.089
0 0.7280169799878714 0.284 0.09915100060642813 0.082
0 0.6810187992722863 0.306 0.0900545785324439 0.074
0 0.5979381443298969 0.226 0.0900545785324439 0.074
0 0.4740751970891449 0.206 0.0900545785324439 0.074
0 0.3239842328684051 0.374 0.09915100060642813 0.082
0 0.27804730139478473 0.471 0.09915100060642813 0.082
0 0.13902365069739236 0.549 0.0900545785324439 0.074
0 0.5920254699818072 0.707 0.10885385081867799 0.089
0 0.6660097028502122 0.73 0.0818677986658581 0.067
0 0.6799575500303214 0.784 0.10885385081867799 0.089
0 0.7600060642813826 0.74 0.11885991510006064 0.099
0 0.8790175864160097 0.689 0.0818677986658581 0.067
0 0.9090357792601577 0.634 0.05609460278956944 0.046
0 0.5369921164342025 0.853 0.0900545785324439 0.074