0 0.5280590107029216 0.597 0.015909748336708128 0.014
0 0.5250216951113682 0.587 0.015909748336708128 0.014
0 0.5099797512293897 0.522 0.015909748336708128 0.014
0 0.5120046282904253 0.495 0.015909748336708128 0.014
0 0.4039629736765982 0.504 0.015909748336708128 0.014
0 0.3109632629447498 0.566 0.015909748336708128 0.014
0 0.2800115707260631 0.578 0.015909748336708128 0.014
0 0.2600520682672838 0.548 0.015909748336708128 0.014
0 0.21796355221290137 0.599 0.015909748336708128 0.014
0 0.18802429852473243 0.543 0.015909748336708128 0.014
0 0.1890367370552502 0.516 0.015909748336708128 0.014
0 0.1290135956031241 0.511 0.015909748336708128 0.014
0 0.20595892392247614 0.338 0.015909748336708128 0.014
0 0.28897888342493494 0.255 0.015909748336708128 0.014
0 0.3369973965866358 0.239 0.015909748336708128 0.014
0 0.31993057564362165 0.237 0.015909748336708128 0.014
0 0.5319641307492046 0.21 0.015909748336708128 0.014
0 0.5250216951113682 0.193 0.015909748336708128 0.014
0 0.5390512004628291 0.164 0.015909748336708128 0.014
0 0.5860572750940122 0.173 0.015909748336708128 0.014
0 0.6939542956320509 0.218 0.015909748336708128 0.014
0 0.7399479317327162 0.216 0.015909748336708128 0.014
0 0.7639571883135666 0.231 0.015909748336708128 0.014
0 0.6760196702343072 0.244 0.015909748336708128 0.014
0 0.664015041943882 0.231 0.015909748336708128 0.014
0 0.8109632629447497 0.303 0.015909748336708128 0.014
0 0.7319930575643622 0.307 0.015909748336708128 0.014
0 0.6579404107607753 0.374 0.015909748336708128 0.014
0 0.6489730980619034 0.424 0.015909748336708128 0.014
0 0.5929997107318484 0.434 0.015909748336708128 0.014
0 0.64593578247035 0.468 0.015909748336708128 0.014
0 0.6440555394851026 0.484 0.015909748336708128 0.014
0 0.6739947931732716 0.503 0.015909748336708128 0.014
0 0.8089383858837143 0.522 0.015909748336708128 0.014
0 0.9790280590107029 0.575 0.015909748336708128 0.014
0 0.8479895863465432 0.666 0.015909748336708128 0.014
0 0.8760485970494648 0.697 0.015909748336708128 0.014
0 0.7570147526757304 0.759 0.015909748336708128 0.014
0 0.8150130170668209 0.785 0.015909748336708128 0.014
0 0.8339600809950825 0.787 0.015909748336708128 0.014
0 0.7439976858547874 0.855 0.015909748336708128 0.014
0 0.6790569858258606 0.868 0.015909748336708128 0.014
0 0.643043100954585 0.873 0.015909748336708128 0.014
0 0.49595024587792885 0.901 0.015909748336708128 0.014
0 0.4090251663291872 0.877 0.015909748336708128 0.014
0 0.27393693954295634 0.81 0.015909748336708128 0.014
0 0.24905987850737635 0.797 0.015909748336708128 0.014
0 0.2730691350882268 0.768 0.015909748336708128 0.014
0 0.30098351171536014 0.741 0.015909748336708128 0.014
0 0.28304888631761643 0.736 0.015909748336708128 0.014
0 0.1949667341625687 0.673 0.015909748336708128 0.014
0 0.11700896731269887 0.592 0.015909748336708128 0.014
0 0.3249927682962106 0.4 0.015909748336708128 0.014
0 0.3829910326873011 0.402 0.015909748336708128 0.014
0 0.43693954295632054 0.402 0.015909748336708128 0.014
0 0.35898177610645066 0.346 0.015909748336708128 0.014
0 0.34307202776974255 0.289 0.015909748336708128 0.014
0 0.6190338443737344 0.28 0.015909748336708128 0.014
0 0.5490309516922187 0.361 0.015909748336708128 0.014
0 0.5510558287532543 0.37 0.015909748336708128 0.014
0 0.5429563205091119 0.39 0.015909748336708128 0.014
0 0.5150419438819785 0.414 0.015909748336708128 0.014
0 0.568990454150998 0.4 0.015909748336708128 0.014
0 0.582007520971941 0.401 0.015909748336708128 0.014
0 0.5290714492334394 0.452 0.015909748336708128 0.014
0 0.4940700028926815 0.445 0.015909748336708128 0.014
0 0.4879953717095748 0.437 0.015909748336708128 0.014
0 0.38096615562626557 0.646 0.015909748336708128 0.014
0 0.28102400925658083 0.624 0.015909748336708128 0.014
0 0.2800115707260631 0.654 0.015909748336708128 0.014
0 0.23893549320219845 0.638 0.015909748336708128 0.014
0 0.37402371998842926 0.746 0.015909748336708128 0.014
0 0.4039629736765982 0.699 0.015909748336708128 0.014
0 0.417992479028059 0.828 0.015909748336708128 0.014
0 0.37604859704946486 0.829 0.015909748336708128 0.014
0 0.44995660977726354 0.849 0.015909748336708128 0.014
0 0.5189470639282615 0.778 0.015909748336708128 0.014
0 0.5549609487995372 0.73 0.015909748336708128 0.014
0 0.568990454150998 0.736 0.015909748336708128 0.014
0 0.5779577668498699 0.75 0.015909748336708128 0.014
0 0.5850448365634944 0.753 0.015909748336708128 0.014
0 0.5339890078102401 0.719 0.015909748336708128 0.014
0 0.5 0.684 0.015909748336708128 0.014
0 0.6190338443737344 0.578 0.015909748336708128 0.014
0 0.671969916112236 0.569 0.015909748336708128 0.014
0 0.664015041943882 0.609 0.015909748336708128 0.014
0 0.772056696557709 0.625 0.015909748336708128 0.014
0 0.727943303442291 0.706 0.015909748336708128 0.014
0 0.6980040497541221 0.781 0.015909748336708128 0.014
0 0.6650274804743997 0.785 0.015909748336708128 0.014
0 0.6450679780156204 0.807 0.015909748336708128 0.014
0 0.5789702053803876 0.813 0.015909748336708128 0.014
0 0.35898177610645066 0.491 0.015909748336708128 0.014
0 0.41900491755857683 0.442 0.015909748336708128 0.014
0 0.45906855655192363 0.425 0.015909748336708128 0.014
0 0.6249638414810529 0.383 0.015909748336708128 0.014
0 0.7199884292739369 0.467 0.015909748336708128 0.014
0 0.8949956609777263 0.409 0.015909748336708128 0.014
0 0.8439398322244721 0.382 0.015909748336708128 0.014
0 0.8899334683251374 0.439 0.015909748336708128 0.014
0 0.8630315302285219 0.456 0.015909748336708128 0.014