0 0.27295990901336364 0.348 0.01592266135911288 0.014
0 0.3079328973557009 0.421 0.01592266135911288 0.014
0 0.23201592266135912 0.459 0.011088996303667898 0.009
0 0.22405459198180266 0.475 0.01592266135911288 0.014
0 0.29300540233153255 0.48 0.01592266135911288 0.014
0 0.3649417116860961 0.546 0.01592266135911288 0.014
0 0.2540517486494171 0.566 0.01393232868922377 0.013
0 0.23997725334091555 0.685 0.01393232868922377 0.013
0 0.30395223201592264 0.702 0.01393232868922377 0.013
0 0.3279783906738698 0.709 0.01592266135911288 0.014
0 0.30196189934603357 0.734 0.01393232868922377 0.013
0 0.38797270400909867 0.77 0.01393232868922377 0.013
0 0.4040375319874893 0.792 0.01592266135911288 0.014
0 0.4580608473130509 0.791 0.01393232868922377 0.013
0 0.4590560136479955 0.76 0.01393232868922377 0.013
0 0.45706568097810635 0.833 0.01592266135911288 0.014
0 0.6269547910150697 0.854 0.017059994313335228 0.015
0 0.6760022746659085 0.786 0.017059994313335228 0.015
0 0.7369917543360819 0.713 0.01592266135911288 0.014
0 0.8639465453511516 0.737 0.01592266135911288 0.014
0 0.884987205004265 0.757 0.017059994313335228 0.015
0 0.8609610463463179 0.681 0.01393232868922377 0.013
0 0.9749786750071083 0.646 0.01592266135911288 0.014
0 0.9900483366505545 0.654 0.011088996303667898 0.011
0 0.8919533693488769 0.566 0.017059994313335228 0.015
0 0.7669889110036964 0.533 0.01592266135911288 0.014
0 0.7280352573215809 0.512 0.017059994313335228 0.015
0 0.5429343190218937 0.655 0.017059994313335228 0.015
0 0.4270685243104919 0.661 0.01592266135911288 0.014
0 0.37105487631504125 0.676 0.01592266135911288 0.014
0 0.43702018765993744 0.554 0.01393232868922377 0.013
0 0.4560705146431618 0.489 0.01592266135911288 0.014
0 0.45393801535399486 0.41 0.01592266135911288 0.014
0 0.49502416832527724 0.375 0.01592266135911288 0.014
0 0.5299971566676145 0.355 0.013079328973557009 0.011
0 0.407023030992323 0.287 0.01393232868922377 0.013
0 0.6030707989764004 0.332 0.017059994313335228 0.015
0 0.6009382996872334 0.198 0.017059994313335228 0.015
0 0.601933466022178 0.144 0.01592266135911288 0.013
0 0.6869491043502985 0.173 0.017059994313335228 0.015
0 0.7429627523457493 0.265 0.01592266135911288 0.014
0 0.8329542223485925 0.254 0.01592266135911288 0.014