0 0.23295752490823282 0.226 0.07288935500786575 0.07
0 0.348977451494494 0.153 0.07210277923439957 0.058
0 0.3370477189302569 0.121 0.07393812270582066 0.044
0 0.5239905610907184 0.106 0.0610907184058731 0.058
0 0.5760356581017305 0.107 0.0610907184058731 0.058
0 0.5499475616151023 0.167 0.08206607236497115 0.07
0 0.6279496591504982 0.212 0.0610907184058731 0.058
0 0.6469585736759308 0.148 0.0610907184058731 0.058
0 0.673046670162559 0.101 0.04509701101206083 0.056
0 0.6359465128474043 0.098 0.04509701101206083 0.051
0 0.7389879391714735 0.216 0.06790770844257997 0.043
0 0.7409543786051389 0.254 0.05899318300996329 0.039
0 0.7359727320398531 0.316 0.05007865757734662 0.048
0 0.6970372312532774 0.346 0.0519140010487677 0.048
0 0.6709491347666492 0.302 0.04693235448348191 0.051
0 0.694022024121657 0.288 0.04090194022024122 0.039
0 0.5710540115364446 0.365 0.06712113266911379 0.064
0 0.5209753539590981 0.444 0.07996853696906135 0.077
0 0.7910330361824855 0.391 0.05506030414263241 0.052
0 0.7459360251704248 0.409 0.05007865757734662 0.048
0 0.7629785002621919 0.449 0.06004195070791819 0.052
0 0.8679863660199266 0.324 0.05794441531200839 0.048
0 0.8649711588883062 0.366 0.05112742527530152 0.039
0 0.9250131095962244 0.332 0.05899318300996329 0.064
0 0.9589669638175145 0.437 0.03906659674882013 0.058
0 0.9239643418982695 0.442 0.05112742527530152 0.056
0 0.6810435238594651 0.508 0.06712113266911379 0.064
0 0.8390141583639223 0.497 0.0610907184058731 0.06
0 0.8630047194546407 0.52 0.03696906135291033 0.043
0 0.8999737808075511 0.512 0.05007865757734662 0.048
0 0.8880440482433141 0.542 0.03696906135291033 0.024
0 0.8859465128474043 0.571 0.05506030414263241 0.052
0 0.8329837441006817 0.567 0.0519140010487677 0.042
0 0.8340325117986366 0.6 0.03696906135291033 0.036
0 0.7869690613529103 0.598 0.06004195070791819 0.052
0 0.6899580492920818 0.654 0.06397482957524908 0.058
0 0.792999475616151 0.641 0.04798112218143681 0.039
0 0.8429470372312533 0.648 0.05112742527530152 0.052
0 0.8009963293130572 0.672 0.04509701101206083 0.039
0 0.8349501835343471 0.685 0.04090194022024122 0.037
0 0.7809386470896696 0.703 0.04693235448348191 0.039
0 0.8050603041426324 0.743 0.05506030414263241 0.052
0 0.7480335605663345 0.74 0.0540115364446775 0.056
0 0.7240429994756161 0.71 0.03696906135291033 0.042
0 0.6970372312532774 0.7 0.04509701101206083 0.043
0 0.6949396958573676 0.74 0.04404824331410592 0.033
0 0.6879916098584163 0.759 0.03198741478762454 0.04
0 0.7199790246460409 0.795 0.05899318300996329 0.048
0 0.6579706345044573 0.785 0.04090194022024122 0.039
0 0.6570529627687467 0.752 0.03093864708966964 0.029
0 0.5509963293130572 0.824 0.07393812270582066 0.058
0 0.5980597797587834 0.704 0.04509701101206083 0.043
0 0.5730204509701101 0.716 0.04090194022024122 0.045
0 0.5799685369690614 0.653 0.05506030414263241 0.052
0 0.5909805977975878 0.775 0.03093864708966964 0.033
0 0.608023072889355 0.743 0.04509701101206083 0.036
0 0.6220503408495018 0.77 0.04509701101206083 0.052
0 0.5330361824855795 0.767 0.05007865757734662 0.048
0 0.5069480859989512 0.749 0.03487152595700052 0.039
0 0.4820398531725223 0.738 0.029889879391714735 0.04
0 0.4539853172522286 0.748 0.05007865757734662 0.048
0 0.44795490298898794 0.705 0.04090194022024122 0.039
0 0.4879391714735186 0.694 0.03093864708966964 0.029
0 0.49698479286837965 0.717 0.028054535920293656 0.027
0 0.5149449396958574 0.706 0.03487152595700052 0.039
0 0.5309386470896696 0.598 0.05007865757734662 0.048
0 0.4939695857367593 0.578 0.05007865757734662 0.048
0 0.5149449396958574 0.651 0.06712113266911379 0.064
0 0.45595175668589405 0.592 0.04090194022024122 0.043
0 0.44297325642370217 0.532 0.07996853696906135 0.077
0 0.4209491347666492 0.608 0.04509701101206083 0.043
0 0.4049554273728369 0.59 0.03408495018353435 0.033
0 0.39604090194022024 0.644 0.05007865757734662 0.048
0 0.3930256948085999 0.688 0.05007865757734662 0.048
0 0.423046670162559 0.671 0.04011536444677504 0.043
0 0.4360251704247509 0.438 0.07996853696906135 0.077
0 0.25904562139486104 0.478 0.07288935500786575 0.078
0 0.3040115364446775 0.503 0.0529627687467226 0.058
0 0.3450445726271631 0.511 0.06790770844257997 0.07
0 0.39001048767697954 0.543 0.04011536444677504 0.048
0 0.35802307288935503 0.555 0.04011536444677504 0.036
0 0.3390141583639224 0.585 0.07288935500786575 0.07
0 0.36798636601992657 0.607 0.0610907184058731 0.058