0 0.2940156114483955 0.326 0.037872217403873955 0.033
0 0.2769586585718416 0.291 0.06707140792136455 0.058
0 0.36802544087886674 0.198 0.06909511419485401 0.048
0 0.39794738363688925 0.326 0.061000289100896214 0.052
0 0.4880023128071697 0.321 0.0731425267418329 0.064
0 0.34301821335646143 0.459 0.017056952876553916 0.015
0 0.17403873952009252 0.446 0.026019080659150044 0.022
0 0.703960682278115 0.326 0.08094825093957791 0.07
0 0.8509684880023128 0.296 0.061000289100896214 0.052
0 0.8739520092512287 0.412 0.0731425267418329 0.064
0 0.7999421798207574 0.483 0.08094825093957791 0.07
0 0.7149465163342006 0.606 0.03411390575310783 0.029
0 0.6799653078924545 0.616 0.0731425267418329 0.064
0 0.7629372651055218 0.633 0.08094825093957791 0.075
0 0.880023128071697 0.665 0.0731425267418329 0.064
0 0.659005492917028 0.652 0.08094825093957791 0.07
0 0.6030644694998555 0.671 0.08094825093957791 0.07
0 0.614050303555941 0.728 0.061000289100896214 0.057
0 0.5699624168834924 0.721 0.06186759178953455 0.059
0 0.6880601329864122 0.776 0.10812373518357907 0.093
0 0.7539751373229256 0.873 0.037872217403873955 0.033
0 0.614050303555941 0.906 0.06504770164787511 0.048
0 0.5050592656837236 0.884 0.041052327262214514 0.04
0 0.557964729690662 0.883 0.05001445504481064 0.051
0 0.442035270309338 0.86 0.0731425267418329 0.064
0 0.380023128071697 0.894 0.015900549291702804 0.014
0 0.424978317432784 0.818 0.06302399537438566 0.036
0 0.4099450708297196 0.842 0.05001445504481064 0.043
0 0.36498988146863254 0.815 0.054061867591789534 0.039
0 0.34894478172882337 0.848 0.06707140792136455 0.058
0 0.3769875686614628 0.784 0.061000289100896214 0.043
0 0.4349522983521249 0.772 0.06707140792136455 0.058
0 0.3749638623879734 0.729 0.09511419485400405 0.071
0 0.40893321769297486 0.672 0.06707140792136455 0.058
0 0.18704827984966754 0.567 0.0731425267418329 0.064