0 0.5860394537177541 0.373 0.06312594840667678 0.052
0 0.4849772382397572 0.416 0.05189681335356601 0.043
0 0.4450682852807284 0.364 0.05189681335356601 0.043
0 0.3520485584218513 0.37 0.05189681335356601 0.043
0 0.31092564491654023 0.425 0.05189681335356601 0.043
0 0.32397572078907433 0.469 0.05189681335356601 0.043
0 0.4409711684370258 0.518 0.05189681335356601 0.043
0 0.4679817905918058 0.5 0.05189681335356601 0.043
0 0.46995447647951444 0.542 0.05189681335356601 0.043
0 0.5719271623672231 0.53 0.05189681335356601 0.043
0 0.46403641881638846 0.627 0.05189681335356601 0.043
0 0.35098634294385433 0.573 0.05189681335356601 0.043
0 0.35402124430955995 0.671 0.05189681335356601 0.043
0 0.2830045523520486 0.714 0.05189681335356601 0.043
0 0.11001517450682853 0.574 0.05189681335356601 0.043
0 0.17905918057663125 0.553 0.05189681335356601 0.043
0 0.10197268588770865 0.512 0.05189681335356601 0.043
0 0.16904400606980274 0.48 0.05189681335356601 0.043
0 0.26707132018209406 0.357 0.05189681335356601 0.043
0 0.23095599393019728 0.319 0.05189681335356601 0.043
0 0.35796661608497726 0.31 0.05189681335356601 0.043
0 0.31305007587253414 0.25 0.05189681335356601 0.043
0 0.4309559939301973 0.27 0.05189681335356601 0.043
0 0.48998482549317146 0.291 0.05189681335356601 0.043
0 0.5379362670713201 0.216 0.05189681335356601 0.043
0 0.5329286798179059 0.183 0.05189681335356601 0.043
0 0.5640364188163884 0.19 0.05189681335356601 0.043
0 0.6300455235204856 0.215 0.05189681335356601 0.043
0 0.6919575113808801 0.289 0.05189681335356601 0.043
0 0.7629742033383915 0.344 0.05189681335356601 0.043
0 0.6849772382397572 0.156 0.05189681335356601 0.043
0 0.7880121396054628 0.204 0.05189681335356601 0.043
0 0.8690440060698027 0.304 0.05189681335356601 0.043
0 0.8119878603945372 0.375 0.05189681335356601 0.043
0 0.7250379362670714 0.417 0.05189681335356601 0.043
0 0.6810318664643399 0.413 0.05189681335356601 0.043
0 0.6440060698027315 0.441 0.05189681335356601 0.043
0 0.6660091047040971 0.504 0.05189681335356601 0.043
0 0.6389984825493171 0.586 0.05189681335356601 0.043
0 0.6300455235204856 0.598 0.05189681335356601 0.043
0 0.7379362670713202 0.628 0.05189681335356601 0.043
0 0.7289833080424886 0.659 0.05189681335356601 0.043
0 0.6280728376327769 0.801 0.05189681335356601 0.043