0 0.34998551983782217 0.839 0.06689834926151172 0.058
0 0.5360556038227628 0.874 0.06689834926151172 0.058
0 0.560961482768607 0.619 0.08108890819577179 0.07
0 0.3740225890529974 0.52 0.04488850275123081 0.039
0 0.40906458152331304 0.524 0.04488850275123081 0.047
0 0.3599768317405155 0.493 0.050101361135244715 0.043
0 0.3919779901534897 0.579 0.06689834926151172 0.058
0 0.30104257167680276 0.528 0.07413843035041992 0.064
0 0.47494931943237767 0.457 0.052997393570807995 0.036
0 0.4669852302345786 0.488 0.055024616275702286 0.039
0 0.4349840718216044 0.383 0.055024616275702286 0.05
0 0.4790037648421662 0.374 0.06110628439038517 0.052
0 0.2380538662033015 0.367 0.08108890819577179 0.07
0 0.317984361424848 0.2 0.050101361135244715 0.043
0 0.29394729220967275 0.27 0.08890819577179264 0.077
0 0.348971908485375 0.227 0.06689834926151172 0.067
0 0.41905589342600635 0.228 0.08108890819577179 0.076
0 0.5640023168259485 0.479 0.055024616275702286 0.048
0 0.5389516362583261 0.443 0.050101361135244715 0.043
0 0.6540689255719664 0.414 0.06689834926151172 0.058
0 0.7109759629307848 0.583 0.07413843035041992 0.064
0 0.7680278019113814 0.509 0.06689834926151172 0.058
0 0.8430350419924704 0.335 0.08890819577179264 0.077
0 0.9429481610194034 0.632 0.050101361135244715 0.055
0 0.8950188242108311 0.638 0.07413843035041992 0.068