0 0.3136205899363794 0.248375 0.021110468478889532 0.01825
0 0.34297281665702717 0.20925 0.019086176980913822 0.0165
0 0.3675534991324465 0.19675 0.01735106998264893 0.015
0 0.38461538461538464 0.216 0.01735106998264893 0.015
0 0.39097744360902253 0.3085 0.019086176980913822 0.0165
0 0.314198958935801 0.350125 0.021110468478889532 0.01825
0 0.754626951995373 0.312375 0.021110468478889532 0.01825
0 0.798582995951417 0.340875 0.021110468478889532 0.01825
0 0.6648351648351648 0.5875 0.019086176980913822 0.0165
0 0.7674956622325043 0.73825 0.019086176980913822 0.0165
0 0.8867842683632158 0.729625 0.021110468478889532 0.01825
0 0.9206188548293811 0.683625 0.021110468478889532 0.01825