0 0.5571503131524008 0.152 0.01722338204592902 0.0165
0 0.5875521920668059 0.159875 0.019050104384133612 0.01825
0 0.4339770354906054 0.2255 0.015657620041753653 0.015
0 0.45563674321503134 0.334 0.01722338204592902 0.0165
0 0.26030793319415446 0.232875 0.01174321503131524 0.01125
0 0.3663883089770355 0.37925 0.01722338204592902 0.0165
0 0.3935281837160752 0.376 0.015657620041753653 0.015
0 0.41518789144050106 0.40575 0.01722338204592902 0.0165
0 0.42849686847599167 0.367 0.015657620041753653 0.015
0 0.44832985386221297 0.377 0.01722338204592902 0.0165
0 0.4155793319415449 0.362875 0.014352818371607515 0.01375
0 0.40853340292275575 0.365375 0.01278705636743215 0.01375
0 0.3729123173277662 0.41975 0.01722338204592902 0.0165
0 0.39926931106471814 0.44175 0.015657620041753653 0.015
0 0.40853340292275575 0.440875 0.014352818371607515 0.01375
0 0.39326722338204595 0.47475 0.01722338204592902 0.0165
0 0.16270876826722339 0.475125 0.019050104384133612 0.01825
0 0.17353862212943633 0.51425 0.01722338204592902 0.0165
0 0.2472599164926931 0.551875 0.019050104384133612 0.01825
0 0.16440501043841335 0.54975 0.017745302713987474 0.015
0 0.16688413361169102 0.538 0.01696242171189979 0.015
0 0.174321503131524 0.6425 0.015657620041753653 0.015
0 0.22586116910229645 0.609125 0.019050104384133612 0.01825
0 0.22494780793319416 0.692 0.01722338204592902 0.0165
0 0.2366910229645094 0.7045 0.015657620041753653 0.015
0 0.2424321503131524 0.72 0.01722338204592902 0.0165
0 0.2507828810020877 0.733 0.01722338204592902 0.0165
0 0.2544363256784969 0.75425 0.01722338204592902 0.0165
0 0.25234864300626303 0.784 0.01722338204592902 0.0165
0 0.2366910229645094 0.759125 0.010438413361169102 0.01375
0 0.22677453027139874 0.75925 0.011482254697286013 0.0165
0 0.3542536534446764 0.706375 0.019050104384133612 0.01825
0 0.35842901878914407 0.726125 0.019050104384133612 0.01825
0 0.3768267223382046 0.828 0.020876826722338204 0.02
0 0.42366910229645094 0.685875 0.019050104384133612 0.01825
0 0.39339770354906056 0.651 0.015396659707724426 0.0125
0 0.3930062630480167 0.642625 0.015657620041753653 0.01125
0 0.3987473903966597 0.66 0.015657620041753653 0.015
0 0.3880480167014614 0.66225 0.01722338204592902 0.0165
0 0.7199895615866388 0.3295 0.015657620041753653 0.015
0 0.7220772442588727 0.371 0.015657620041753653 0.015
0 0.6852818371607515 0.33775 0.015657620041753653 0.015
0 0.6848903966597077 0.348375 0.014352818371607515 0.01375
0 0.699634655532359 0.318 0.014091858037578288 0.015
0 0.68919624217119 0.318 0.013048016701461378 0.015
0 0.5153966597077244 0.41625 0.015657620041753653 0.015
0 0.5323590814196242 0.4295 0.015657620041753653 0.015
0 0.5247912317327766 0.469 0.01722338204592902 0.0165
0 0.6028183716075156 0.4625 0.01722338204592902 0.0165
0 0.5995563674321504 0.477625 0.014352818371607515 0.01375
0 0.5906837160751566 0.485875 0.014352818371607515 0.01375
0 0.5893789144050104 0.4705 0.014352818371607515 0.0085
0 0.5812891440501043 0.484375 0.014352818371607515 0.01375
0 0.5883350730688935 0.475875 0.01174321503131524 0.01125
0 0.39848643006263046 0.51275 0.01722338204592902 0.0165
0 0.3930062630480167 0.5325 0.01722338204592902 0.0165
0 0.36221294363256784 0.52675 0.015657620041753653 0.015
0 0.367562630480167 0.505625 0.01174321503131524 0.01125
0 0.37082463465553234 0.51175 0.013048016701461378 0.0125
0 0.3598643006263048 0.512 0.015657620041753653 0.015
0 0.3539926931106472 0.542625 0.014352818371607515 0.01375
0 0.3213726513569937 0.546625 0.019050104384133612 0.01825
0 0.3714770354906054 0.548625 0.014352818371607515 0.01375
0 0.36417014613778703 0.559125 0.014352818371607515 0.01375
0 0.3751304801670146 0.562875 0.014352818371607515 0.01375
0 0.38856993736951984 0.5635 0.015657620041753653 0.015
0 0.3571242171189979 0.579125 0.014352818371607515 0.01375
0 0.35490605427974947 0.58925 0.015657620041753653 0.015
0 0.3787839248434238 0.596125 0.019050104384133612 0.01825
0 0.33820459290187893 0.60025 0.01722338204592902 0.0165
0 0.3143267223382046 0.592375 0.019050104384133612 0.01825