0 0.3660404624277457 0.226625 0.021098265895953757 0.01825
0 0.4083815028901734 0.253 0.01907514450867052 0.0165
0 0.45708092485549134 0.250375 0.021098265895953757 0.01825
0 0.38265895953757223 0.26675 0.01907514450867052 0.0165
0 0.3209537572254335 0.253375 0.021098265895953757 0.01825
0 0.3901734104046243 0.2875 0.01907514450867052 0.0165
0 0.4416184971098266 0.2945 0.01907514450867052 0.0165
0 0.4244219653179191 0.190625 0.021098265895953757 0.01825
0 0.5497109826589596 0.20375 0.01907514450867052 0.0165
0 0.5924855491329479 0.178 0.01907514450867052 0.0165
0 0.6222543352601156 0.2035 0.01907514450867052 0.0165
0 0.5835260115606936 0.25975 0.01907514450867052 0.0165
0 0.5595375722543353 0.2825 0.01907514450867052 0.0165
0 0.6358381502890174 0.27075 0.01907514450867052 0.0165
0 0.696242774566474 0.266 0.01907514450867052 0.0165
0 0.7264450867052024 0.287125 0.015895953757225433 0.01375
0 0.7398843930635838 0.2715 0.017341040462427744 0.015
0 0.7248554913294798 0.29675 0.01907514450867052 0.0165
0 0.791907514450867 0.3045 0.01907514450867052 0.0165
0 0.8664739884393063 0.307 0.01907514450867052 0.0165
0 0.7179190751445087 0.34975 0.01907514450867052 0.0165
0 0.8419075144508671 0.3615 0.01907514450867052 0.0165
0 0.8054913294797688 0.40575 0.01907514450867052 0.0165
0 0.7086705202312139 0.40075 0.01907514450867052 0.0165
0 0.6647398843930635 0.42225 0.01907514450867052 0.0165
0 0.6206647398843931 0.487625 0.021098265895953757 0.01825
0 0.8044797687861271 0.464375 0.021098265895953757 0.01825
0 0.9043352601156069 0.49075 0.017341040462427744 0.015
0 0.9066473988439306 0.51825 0.01907514450867052 0.0165
0 0.9638728323699421 0.52675 0.017341040462427744 0.015
0 0.8059248554913295 0.595375 0.021098265895953757 0.01825
0 0.6890173410404624 0.5705 0.01907514450867052 0.0165
0 0.679335260115607 0.605625 0.015895953757225433 0.01375
0 0.6596820809248555 0.609875 0.015895953757225433 0.01375
0 0.8072254335260116 0.63775 0.017341040462427744 0.015
0 0.7895953757225433 0.644 0.01907514450867052 0.0165
0 0.6202312138728324 0.59775 0.017341040462427744 0.015
0 0.6369942196531792 0.62725 0.017341040462427744 0.015
0 0.6135838150289017 0.6335 0.017341040462427744 0.015
0 0.6001445086705203 0.660125 0.015895953757225433 0.01375
0 0.7356936416184972 0.668125 0.021098265895953757 0.01825
0 0.5901734104046242 0.67575 0.01907514450867052 0.0165
0 0.5513005780346821 0.608125 0.015895953757225433 0.01375
0 0.5578034682080925 0.58125 0.01907514450867052 0.0165
0 0.5374277456647398 0.565375 0.015895953757225433 0.01375
0 0.5300578034682081 0.5605 0.017341040462427744 0.015
0 0.8153179190751445 0.76225 0.017341040462427744 0.015
0 0.9098265895953758 0.73675 0.017341040462427744 0.015
0 0.6471098265895954 0.6925 0.01907514450867052 0.0165
0 0.5488439306358381 0.77175 0.017341040462427744 0.015
0 0.5465317919075144 0.78675 0.017341040462427744 0.015
0 0.6601156069364161 0.825 0.01907514450867052 0.0165
0 0.5708092485549133 0.895 0.017341040462427744 0.015
0 0.5725433526011561 0.906 0.017341040462427744 0.015
0 0.526878612716763 0.9145 0.017341040462427744 0.015
0 0.423121387283237 0.9115 0.01907514450867052 0.0165
0 0.36517341040462425 0.839375 0.021098265895953757 0.01825
0 0.2726878612716763 0.835625 0.021098265895953757 0.01825
0 0.363728323699422 0.769625 0.021098265895953757 0.01825
0 0.4458092485549133 0.769875 0.021098265895953757 0.01825
0 0.4546242774566474 0.74175 0.01907514450867052 0.0165
0 0.38815028901734105 0.69075 0.01907514450867052 0.0165
0 0.3289017341040462 0.68425 0.01907514450867052 0.0165
0 0.3355491329479769 0.66725 0.01907514450867052 0.0165
0 0.3676300578034682 0.6505 0.01907514450867052 0.0165
0 0.4197976878612717 0.636375 0.021098265895953757 0.01825
0 0.3855491329479769 0.594 0.01907514450867052 0.0165
0 0.4380057803468208 0.587875 0.021098265895953757 0.01825
0 0.3393063583815029 0.571 0.01907514450867052 0.0165
0 0.2774566473988439 0.59375 0.01907514450867052 0.0165
0 0.26184971098265897 0.58525 0.01907514450867052 0.0165
0 0.3036127167630058 0.539125 0.021098265895953757 0.01825
0 0.2208092485549133 0.56375 0.01907514450867052 0.0165
0 0.4356936416184971 0.505125 0.021098265895953757 0.01825
0 0.4582369942196532 0.490875 0.021098265895953757 0.01825
0 0.2579479768786127 0.444375 0.021098265895953757 0.01825
0 0.2984104046242775 0.406625 0.021098265895953757 0.01825
0 0.3263005780346821 0.406 0.01907514450867052 0.0165
0 0.38309248554913294 0.384375 0.021098265895953757 0.01825
0 0.42384393063583814 0.428875 0.021098265895953757 0.01825
0 0.4187861271676301 0.34375 0.01907514450867052 0.0165
0 0.45173410404624276 0.3645 0.01907514450867052 0.0165
0 0.4830924855491329 0.362125 0.021098265895953757 0.01825
0 0.5239884393063584 0.37 0.01907514450867052 0.0165
0 0.4682080924855491 0.3285 0.01907514450867052 0.0165
0 0.2540462427745665 0.2935 0.01907514450867052 0.0165
0 0.1916184971098266 0.3215 0.017341040462427744 0.015
0 0.4871387283236994 0.436125 0.021098265895953757 0.01825
0 0.14826589595375722 0.52 0.01907514450867052 0.0165
0 0.1569364161849711 0.63 0.01907514450867052 0.0165
0 0.18728323699421964 0.7745 0.017341040462427744 0.015