0 0.10007995735607676 0.410125 0.01945628997867804 0.01825
0 0.10127931769722814 0.5455 0.017590618336886993 0.0165
0 0.10087953091684435 0.561125 0.01945628997867804 0.01625
0 0.22028251599147122 0.788375 0.01945628997867804 0.01825
0 0.25652985074626866 0.775875 0.01945628997867804 0.01825
0 0.3702025586353945 0.75375 0.021321961620469083 0.02
0 0.4181769722814499 0.7425 0.021321961620469083 0.02
0 0.451226012793177 0.712 0.021321961620469083 0.02
0 0.47174840085287845 0.7355 0.021321961620469083 0.02
0 0.46575159914712155 0.776875 0.01945628997867804 0.01825
0 0.4814765458422175 0.787125 0.01945628997867804 0.01825
0 0.502132196162047 0.7795 0.021321961620469083 0.02
0 0.5647654584221748 0.767 0.021321961620469083 0.02
0 0.548773987206823 0.7145 0.021321961620469083 0.02
0 0.5597014925373134 0.67825 0.021321961620469083 0.02
0 0.591684434968017 0.675 0.021321961620469083 0.02
0 0.5647654584221748 0.6295 0.021321961620469083 0.02
0 0.5066631130063965 0.58875 0.021321961620469083 0.02
0 0.4825426439232409 0.5815 0.016257995735607676 0.0165
0 0.47547974413646055 0.5785 0.015991471215351813 0.0165
0 0.8018390191897654 0.696875 0.01945628997867804 0.01825
0 0.8057036247334755 0.647 0.017590618336886993 0.0165
0 0.747867803837953 0.5815 0.021321961620469083 0.02
0 0.658182302771855 0.572625 0.023720682302771856 0.02225
0 0.6393923240938166 0.5045 0.021321961620469083 0.02
0 0.6393923240938166 0.48375 0.021321961620469083 0.02
0 0.3243603411513859 0.59025 0.01812366737739872 0.0125
0 0.32316098081023453 0.581875 0.018923240938166313 0.01375
0 0.49906716417910446 0.508375 0.01945628997867804 0.01825
0 0.49307036247334757 0.4945 0.019189765458422176 0.0165
0 0.4525586353944563 0.5225 0.01812366737739872 0.015
0 0.4513592750533049 0.50975 0.01732409381663113 0.015
0 0.44402985074626866 0.487 0.015991471215351813 0.015
0 0.43656716417910446 0.47525 0.017590618336886993 0.0165
0 0.45375799573560766 0.479875 0.014658848614072495 0.01125
0 0.45402452025586354 0.470875 0.01572494669509595 0.01125
0 0.4111140724946695 0.393375 0.01945628997867804 0.01825
0 0.6219349680170576 0.377125 0.023720682302771856 0.02225
0 0.46095415778251597 0.222875 0.01945628997867804 0.01825
0 0.39818763326226014 0.229 0.017590618336886993 0.0165
0 0.3821961620469083 0.22325 0.015991471215351813 0.015
0 0.42630597014925375 0.226375 0.014658848614072495 0.01375
0 0.43136993603411516 0.221875 0.014658848614072495 0.01375
0 0.40005330490405117 0.16225 0.017590618336886993 0.0165
0 0.35047974413646055 0.209875 0.01279317697228145 0.01375
0 0.34288379530916846 0.205875 0.014658848614072495 0.01375
0 0.3426172707889126 0.1975 0.015191897654584221 0.0075
0 0.34421641791044777 0.188125 0.016791044776119403 0.01225
0 0.35634328358208955 0.21375 0.015991471215351813 0.015