0 0.5512301013024602 0.490625 0.01649782923299566 0.01425
0 0.5648335745296672 0.511125 0.01649782923299566 0.01425
0 0.5402315484804631 0.510875 0.01649782923299566 0.01425
0 0.4878437047756874 0.499125 0.01649782923299566 0.01425
0 0.5020260492040521 0.455375 0.01649782923299566 0.01425
0 0.48523878437047757 0.421875 0.01649782923299566 0.01425
0 0.4892908827785818 0.424375 0.01649782923299566 0.01425
0 0.6562952243125905 0.535625 0.01649782923299566 0.01425
0 0.6094066570188134 0.545625 0.01649782923299566 0.01425
0 0.5998552821997105 0.564375 0.01649782923299566 0.01425
0 0.6470332850940665 0.584375 0.01649782923299566 0.01425
0 0.7240231548480464 0.559375 0.01649782923299566 0.01425
0 0.7439942112879884 0.519875 0.01649782923299566 0.01425
0 0.7301013024602026 0.511375 0.01649782923299566 0.01425
0 0.8130246020260492 0.51525 0.017945007235890015 0.0155
0 0.8227206946454414 0.580125 0.01649782923299566 0.01425
0 0.8583212735166426 0.631375 0.01649782923299566 0.01425
0 0.8696092619392185 0.642125 0.01649782923299566 0.01425
0 0.7523878437047757 0.628125 0.01649782923299566 0.01425
0 0.7547033285094067 0.658375 0.01649782923299566 0.01425
0 0.6125904486251809 0.685375 0.01649782923299566 0.01425
0 0.6021707670043416 0.684125 0.01649782923299566 0.01425
0 0.6059334298118668 0.692875 0.01649782923299566 0.01425
0 0.6803183791606368 0.708125 0.01649782923299566 0.01425
0 0.7014471780028944 0.705875 0.01649782923299566 0.01425
0 0.5700434153400868 0.684875 0.01649782923299566 0.01425
0 0.5613603473227207 0.674625 0.01649782923299566 0.01425
0 0.5998552821997105 0.627125 0.01649782923299566 0.01425
0 0.4354558610709117 0.693375 0.01649782923299566 0.01425
0 0.44327062228654124 0.706125 0.01649782923299566 0.01425
0 0.41027496382054995 0.713625 0.01649782923299566 0.01425
0 0.40998552821997103 0.741625 0.01649782923299566 0.01425
0 0.3474674384949349 0.818625 0.01649782923299566 0.01425
0 0.3564399421128799 0.819625 0.01649782923299566 0.01425
0 0.4206946454413893 0.817875 0.01649782923299566 0.01425
0 0.43082489146164976 0.861875 0.01649782923299566 0.01425
0 0.3237337192474674 0.869875 0.01649782923299566 0.01425
0 0.2455861070911722 0.709625 0.01649782923299566 0.01425
0 0.2577424023154848 0.689625 0.01649782923299566 0.01425
0 0.20101302460202605 0.676875 0.01649782923299566 0.01425
0 0.27655571635311144 0.648375 0.01649782923299566 0.01425
0 0.28726483357452964 0.639625 0.01649782923299566 0.01425
0 0.21837916063675833 0.597125 0.01649782923299566 0.01425
0 0.18017366136034732 0.583125 0.01649782923299566 0.01425
0 0.17409551374819102 0.524625 0.01649782923299566 0.01425
0 0.2629522431259045 0.517875 0.01649782923299566 0.01425
0 0.26150506512301014 0.454125 0.01649782923299566 0.01425
0 0.18683068017366136 0.451375 0.01649782923299566 0.01425
0 0.18480463096960925 0.390625 0.01649782923299566 0.01425
0 0.23835021707670043 0.396875 0.01649782923299566 0.01425
0 0.2565846599131693 0.399875 0.01649782923299566 0.01425
0 0.24732272069464545 0.356375 0.01649782923299566 0.01425
0 0.2698986975397974 0.347625 0.01649782923299566 0.01425
0 0.19985528219971058 0.350625 0.01649782923299566 0.01425
0 0.18191027496382056 0.338625 0.01649782923299566 0.01425
0 0.30752532561505064 0.352375 0.01649782923299566 0.01425
0 0.33560057887120115 0.343125 0.01649782923299566 0.01425
0 0.3332850940665702 0.327125 0.01649782923299566 0.01425
0 0.3633863965267728 0.323375 0.01649782923299566 0.01425
0 0.37264833574529665 0.307375 0.01649782923299566 0.01425
0 0.3767004341534009 0.294875 0.01649782923299566 0.01425
0 0.3984081041968162 0.293875 0.01649782923299566 0.01425
0 0.3914616497829233 0.349375 0.01649782923299566 0.01425
0 0.43806078147612154 0.355875 0.01649782923299566 0.01425
0 0.365123010130246 0.406625 0.01649782923299566 0.01425
0 0.5222865412445731 0.354875 0.01649782923299566 0.01425
0 0.5477568740955138 0.343375 0.01649782923299566 0.01425
0 0.5613603473227207 0.348625 0.01649782923299566 0.01425
0 0.580752532561505 0.359375 0.01649782923299566 0.01425
0 0.6287988422575976 0.384375 0.01649782923299566 0.01425
0 0.6568740955137482 0.343375 0.01649782923299566 0.01425
0 0.661794500723589 0.368125 0.01649782923299566 0.01425
0 0.6447178002894356 0.283125 0.01649782923299566 0.01425
0 0.5028943560057887 0.262375 0.01649782923299566 0.01425
0 0.502315484804631 0.226375 0.01649782923299566 0.01425
0 0.5318379160636758 0.213375 0.01649782923299566 0.01425
0 0.5416787264833575 0.193875 0.01649782923299566 0.01425
0 0.479739507959479 0.209375 0.01649782923299566 0.01425
0 0.35499276410998554 0.576625 0.01649782923299566 0.01425
0 0.3535455861070912 0.596125 0.01649782923299566 0.01425
0 0.34602026049204054 0.646125 0.01649782923299566 0.01425
0 0.5170767004341534 0.548125 0.01649782923299566 0.01425
0 0.7162083936324168 0.462125 0.01649782923299566 0.01425
0 0.726917510853835 0.472625 0.01649782923299566 0.01425
0 0.6823444283646889 0.448375 0.01649782923299566 0.01425
0 0.7465991316931982 0.393375 0.01649782923299566 0.01425
0 0.7298118668596237 0.382625 0.01649782923299566 0.01425
0 0.7622286541244573 0.420375 0.01649782923299566 0.01425
0 0.7263386396526773 0.343375 0.01649782923299566 0.01425
0 0.8450072358900145 0.331375 0.01649782923299566 0.01425
0 0.8551374819102749 0.362625 0.01649782923299566 0.01425
0 0.7575976845151954 0.255875 0.01649782923299566 0.01425
0 0.7020260492040521 0.253375 0.01649782923299566 0.01425
0 0.7031837916063676 0.209625 0.01649782923299566 0.01425
0 0.42908827785817655 0.245375 0.01649782923299566 0.01425
0 0.3590448625180897 0.207125 0.01649782923299566 0.01425
0 0.726917510853835 0.859125 0.01649782923299566 0.01425
0 0.7657018813314037 0.808875 0.01649782923299566 0.01425
0 0.7836468885672938 0.798375 0.01649782923299566 0.01425
0 0.8357452966714906 0.759375 0.01649782923299566 0.01425
0 0.8053545586107091 0.478375 0.01649782923299566 0.01425
0 0.9364688856729377 0.454625 0.01649782923299566 0.01425
0 0.9298118668596237 0.387125 0.01649782923299566 0.01425