0 0.6810818628868962 0.549625 0.029216083309227654 0.02525
0 0.7763957188313567 0.5215 0.026612669945039052 0.023
0 0.8724327451547584 0.4545 0.02198437951981487 0.019
0 0.9227654035290714 0.571 0.02198437951981487 0.019
0 0.8876193231125253 0.603375 0.024009256580850447 0.02075
0 0.7000289268151576 0.68575 0.026612669945039052 0.023
0 0.6473821232282325 0.65975 0.02198437951981487 0.019
0 0.6188892102979462 0.656125 0.024009256580850447 0.02075
0 0.5966155626265548 0.654125 0.01995950245877929 0.01725
0 0.4550188024298525 0.656 0.026612669945039052 0.023
0 0.33829910326873014 0.728875 0.024009256580850447 0.02075
0 0.3325137402371999 0.785125 0.024009256580850447 0.02075
0 0.22114550188024298 0.581375 0.024009256580850447 0.02075
0 0.2351750072317038 0.427 0.02198437951981487 0.019
0 0.2930286375470061 0.34325 0.02198437951981487 0.019
0 0.35854787387908593 0.358125 0.024009256580850447 0.02075
0 0.4347700318194967 0.36175 0.02198437951981487 0.019
0 0.3958634654324559 0.183375 0.024009256580850447 0.02075
0 0.5002892681515765 0.188375 0.024009256580850447 0.02075
0 0.6563494359271044 0.20825 0.026612669945039052 0.023
0 0.7814579114839456 0.324375 0.024009256580850447 0.02075
0 0.6502748047439977 0.388 0.026612669945039052 0.023
0 0.5822967891235175 0.367 0.026612669945039052 0.023
0 0.5500433902227365 0.370125 0.024009256580850447 0.02075
0 0.6988718542088516 0.4275 0.026612669945039052 0.023
0 0.5652299681805033 0.51425 0.026612669945039052 0.023
0 0.6621347989586347 0.772 0.02198437951981487 0.019
0 0.6382701764535724 0.893625 0.024009256580850447 0.02075
0 0.551489730980619 0.873625 0.024009256580850447 0.02075
0 0.4642753832803008 0.86975 0.02198437951981487 0.019