0 0.13149104160340117 0.46625 0.01882781658062557 0.0155
0 0.2525053143030671 0.585375 0.01730944427573641 0.01425
0 0.2704221075007592 0.645375 0.02095353780747039 0.01725
0 0.15836623139993927 0.679375 0.02095353780747039 0.01725
0 0.20209535378074703 0.691125 0.01730944427573641 0.01425
0 0.24157303370786518 0.712125 0.02095353780747039 0.01725
0 0.33449741876708167 0.649625 0.014272699665958092 0.01175
0 0.32872760400850287 0.674125 0.02095353780747039 0.01725
0 0.32569085939872455 0.763625 0.02095353780747039 0.01725
0 0.3727604008502885 0.806625 0.02095353780747039 0.01725
0 0.370027330701488 0.783375 0.02095353780747039 0.01725
0 0.344822350440328 0.818625 0.02095353780747039 0.01725
0 0.5296082599453386 0.86075 0.023079259034315215 0.019
0 0.5482842392954752 0.831625 0.02095353780747039 0.01725
0 0.6955663528697237 0.780125 0.02095353780747039 0.01725
0 0.6709687215305192 0.763375 0.02095353780747039 0.01725
0 0.6020346188885515 0.743375 0.02095353780747039 0.01725
0 0.7777102945642271 0.807 0.01882781658062557 0.0155
0 0.741724870938354 0.733375 0.02095353780747039 0.01725
0 0.7197084725174613 0.70775 0.012754327361068934 0.0105
0 0.7092317036137261 0.691875 0.02095353780747039 0.01725
0 0.6759793501366536 0.7175 0.01882781658062557 0.0155
0 0.6577588824779836 0.71 0.01882781658062557 0.0155
0 0.6273914363802005 0.705 0.01882781658062557 0.0155
0 0.5935317339811722 0.697125 0.02095353780747039 0.01725
0 0.5455511691466748 0.726875 0.02095353780747039 0.01725
0 0.5211053750379593 0.705 0.023079259034315215 0.019
0 0.6647433950804738 0.654 0.01882781658062557 0.0155
0 0.7610081992104464 0.65675 0.01882781658062557 0.0155
0 0.741876708168843 0.6425 0.01882781658062557 0.0155
0 0.7901609474643182 0.652 0.01882781658062557 0.0155
0 0.8720012146978439 0.727625 0.02095353780747039 0.01725
0 0.86835712116611 0.652625 0.019131491041603402 0.01275
0 0.8666869116307319 0.661375 0.02247191011235955 0.01425
0 0.7540236866079563 0.5315 0.01882781658062557 0.0155
0 0.6351351351351351 0.592125 0.02095353780747039 0.01725
0 0.8167324627998785 0.476375 0.02095353780747039 0.01725
0 0.8679016094746432 0.456 0.006680838141512299 0.0055
0 0.8975098694199818 0.486875 0.02095353780747039 0.01725
0 0.9336471302763437 0.488875 0.02095353780747039 0.01725
0 0.7263893106589736 0.40075 0.01882781658062557 0.0155
0 0.7127239599149712 0.42275 0.023079259034315215 0.019
0 0.7493167324627998 0.411375 0.02095353780747039 0.01725
0 0.8200728818706347 0.347125 0.014272699665958092 0.01175
0 0.7283631946553295 0.361125 0.01730944427573641 0.01425
0 0.7389918007895536 0.354375 0.02095353780747039 0.01725
0 0.7031582143941695 0.339125 0.02095353780747039 0.01725
0 0.4482235044032797 0.575 0.009717582751290617 0.008
0 0.37245672638931066 0.611125 0.02095353780747039 0.01725
0 0.46629213483146065 0.560625 0.014272699665958092 0.01175
0 0.5182204676586699 0.504625 0.02095353780747039 0.01725
0 0.5519283328272092 0.450125 0.01730944427573641 0.01425
0 0.8073185545095658 0.242125 0.01548739750986942 0.01275
0 0.8091406012754327 0.228375 0.01730944427573641 0.01425
0 0.6474339508047373 0.19425 0.01882781658062557 0.0155
0 0.5457030063771637 0.19775 0.01882781658062557 0.0155
0 0.49392651078044336 0.165375 0.01548739750986942 0.01275
0 0.59383540844215 0.30375 0.02095353780747039 0.0185
0 0.6062860613422412 0.300625 0.018524142119647737 0.01875
0 0.5138171879744914 0.35175 0.01882781658062557 0.0155
0 0.4942301852414212 0.394125 0.02095353780747039 0.01725
0 0.4599149711509262 0.398625 0.02095353780747039 0.01725
0 0.3943212875797145 0.373375 0.02095353780747039 0.01725
0 0.37367142423322197 0.315625 0.02095353780747039 0.01725
0 0.4804129972669299 0.29025 0.01882781658062557 0.0155
0 0.2379289401761312 0.416875 0.01548739750986942 0.01275
0 0.2411175220163984 0.34825 0.023079259034315215 0.019
0 0.19541451563923473 0.308625 0.02095353780747039 0.01725
0 0.22411175220163984 0.26025 0.023079259034315215 0.019
0 0.2922866686911631 0.233625 0.02095353780747039 0.01725
0 0.33389006984512604 0.205875 0.02095353780747039 0.01725