0 0.2844752818733738 0.25525 0.019080659150043366 0.0165
0 0.38074588031222895 0.2875 0.017346053772766695 0.015
0 0.4028620988725065 0.272875 0.015900549291702804 0.01375
0 0.39028620988725066 0.2575 0.017346053772766695 0.015
0 0.6874819311939867 0.3225 0.019080659150043366 0.0165
0 0.6302399537438566 0.40075 0.019080659150043366 0.0165
0 0.7880890430760336 0.359 0.019080659150043366 0.0165
0 0.8542931483087598 0.3705 0.017346053772766695 0.015
0 0.8959236773633998 0.46825 0.017346053772766695 0.015
0 0.7431338537149466 0.46025 0.01879155825383059 0.015
0 0.7421220005782018 0.475 0.019080659150043366 0.0165
0 0.7750795027464585 0.473 0.019080659150043366 0.0165
0 0.707285342584562 0.459375 0.021104365423532813 0.01825
0 0.7387973402717548 0.529875 0.021104365423532813 0.01825
0 0.7584562012142237 0.551375 0.021104365423532813 0.01825
0 0.808326105810928 0.55275 0.019080659150043366 0.0165
0 0.7937265105521827 0.590125 0.021104365423532813 0.01825
0 0.7325816710031801 0.57525 0.019080659150043366 0.0165
0 0.7241977450130095 0.608 0.017346053772766695 0.015
0 0.7201503324660307 0.61925 0.02023706273489448 0.0165
0 0.9028620988725065 0.63375 0.017346053772766695 0.012
0 0.9124024284475282 0.62175 0.019080659150043366 0.0165
0 0.9021393466319746 0.645625 0.0199479618386817 0.01375
0 0.6091355883203238 0.81475 0.017346053772766695 0.015
0 0.35588320323793005 0.8205 0.017346053772766695 0.015
0 0.32148019658860943 0.8025 0.017346053772766695 0.015
0 0.2925701069673316 0.7675 0.017346053772766695 0.015
0 0.30933795894767274 0.71875 0.019080659150043366 0.0165
0 0.2974848222029488 0.6855 0.019080659150043366 0.0165
0 0.286788089043076 0.69525 0.017346053772766695 0.015
0 0.2554206418039896 0.706375 0.015900549291702804 0.01375
0 0.250361376120266 0.71375 0.017346053772766695 0.015
0 0.3125180688060133 0.64625 0.019080659150043366 0.0165
0 0.6085573865278983 0.60825 0.019080659150043366 0.0165
0 0.5143104943625325 0.42725 0.017346053772766695 0.015
0 0.5359930615784909 0.4665 0.019080659150043366 0.0165
0 0.5021682567215958 0.4595 0.017346053772766695 0.015
0 0.5784908933217693 0.46275 0.014455044810638912 0.0125
0 0.5718415727088754 0.468 0.017346053772766695 0.015
0 0.5894767273778548 0.47275 0.017346053772766695 0.015
0 0.5981497542642382 0.45725 0.017346053772766695 0.015
0 0.6014744145706852 0.449125 0.01821335646140503 0.01375
0 0.4814975426423822 0.476875 0.01647875108412836 0.01125
0 0.47831743278404165 0.484 0.01879155825383059 0.0125
0 0.47817288233593525 0.50675 0.017346053772766695 0.015
0 0.4761491760624458 0.52 0.017346053772766695 0.015
0 0.5093957791269152 0.5335 0.017346053772766695 0.015
0 0.4336513443191674 0.501875 0.01792425556519225 0.01375
0 0.43032668401272045 0.489625 0.017635154668979473 0.01375
0 0.33810349812084417 0.470625 0.015900549291702804 0.01375
0 0.3248048568950564 0.472625 0.015900549291702804 0.01375
0 0.3285631685458225 0.4795 0.015900549291702804 0.0125
0 0.3538594969644406 0.525 0.019080659150043366 0.0165
0 0.3735183579069095 0.566 0.017346053772766695 0.015
0 0.37525296328418617 0.57875 0.017346053772766695 0.015
0 0.3784330731425267 0.593 0.017346053772766695 0.015
0 0.36021971668112174 0.619 0.017346053772766695 0.015
0 0.3764093668690373 0.621 0.019080659150043366 0.0165
0 0.34374096559699335 0.61375 0.017346053772766695 0.015
0 0.3154090777681411 0.61375 0.017346053772766695 0.015
0 0.2847643827695866 0.62325 0.019080659150043366 0.0165
0 0.3177218849378433 0.58875 0.014455044810638912 0.0125
0 0.3141081237351836 0.598375 0.013009540329575022 0.01125
0 0.30500144550448105 0.59525 0.014455044810638912 0.0135
0 0.3133853714946516 0.578 0.014455044810638912 0.0125
0 0.3019658860942469 0.57725 0.013009540329575022 0.015
0 0.3165654813529922 0.5575 0.017346053772766695 0.015
0 0.2937265105521827 0.55625 0.017346053772766695 0.015
0 0.2653946227233304 0.54275 0.019080659150043366 0.0165
0 0.24255565192252096 0.5605 0.019080659150043366 0.0165
0 0.22260769008383927 0.59475 0.019080659150043366 0.0165
0 0.2471812662619254 0.6135 0.017346053772766695 0.015
0 0.23171436831454179 0.630125 0.013009540329575022 0.01125
0 0.22419774501300954 0.632625 0.013009540329575022 0.01175
0 0.239230991616074 0.644875 0.01185313674472391 0.01025
0 0.23980919340849957 0.652375 0.013009540329575022 0.00925
0 0.23099161607400984 0.64175 0.014455044810638912 0.0125
0 0.22665510263081814 0.64975 0.009829430471234461 0.0085
0 0.2299797629372651 0.655125 0.013009540329575022 0.01125
0 0.2207285342584562 0.654625 0.008962127782596125 0.01125
0 0.21292281006071118 0.650625 0.015322347499277248 0.01125
0 0.2152356172304134 0.660625 0.013009540329575022 0.01125
0 0.17201503324660306 0.705 0.017346053772766695 0.015
0 0.20728534258456202 0.6645 0.010407632263660017 0.013
0 0.20164787510841284 0.664375 0.007227522405319456 0.01275
0 0.1980341139057531 0.661125 0.008673026886383347 0.00875
0 0.19124024284475283 0.660375 0.010696733159872795 0.00925
0 0.19355305001445505 0.669125 0.010696733159872795 0.00925
0 0.18545822492049727 0.668 0.01011853136744724 0.013
0 0.17635154668979475 0.6765 0.014455044810638912 0.008
0 0.1767851980341139 0.669375 0.013009540329575022 0.01125
0 0.17432784041630528 0.683875 0.017346053772766695 0.01125