0 0.13994800693240902 0.336875 0.008954361640670132 0.00775
0 0.13850375505488158 0.346875 0.011842865395725015 0.01025
0 0.10918544194107452 0.46125 0.014442518775274409 0.0125
0 0.1815424610051993 0.715125 0.011842865395725015 0.01025
0 0.19381860196418255 0.74175 0.009820912767186597 0.0085
0 0.19078567302137492 0.735875 0.010687463893703062 0.00925
0 0.18847487001733101 0.773625 0.011842865395725015 0.01025
0 0.6543905257076834 0.216125 0.012998266897746967 0.01125
0 0.7101386481802426 0.229875 0.011842865395725015 0.01025
0 0.33463316002310806 0.858875 0.011842865395725015 0.01025
0 0.36034084344309647 0.864125 0.011842865395725015 0.01025
0 0.3450317735413056 0.830125 0.011842865395725015 0.01025
0 0.358896591565569 0.816625 0.011842865395725015 0.01025
0 0.3768053148469093 0.785875 0.011842865395725015 0.01025
0 0.4212882726747545 0.859875 0.011842865395725015 0.01025
0 0.4556614673599076 0.800625 0.011842865395725015 0.01025
0 0.45984979780473717 0.79175 0.009820912767186597 0.0085
0 0.4891681109185442 0.781875 0.011842865395725015 0.01025
0 0.5088099364529174 0.793625 0.011842865395725015 0.01025
0 0.25779896013864817 0.739125 0.011842865395725015 0.01025
0 0.3664067013287117 0.745625 0.012998266897746967 0.01125
0 0.21967071057192375 0.618625 0.011842865395725015 0.01025
0 0.22891392258809937 0.608875 0.011842865395725015 0.01025
0 0.2430675909878683 0.593125 0.011842865395725015 0.01025
0 0.27599653379549394 0.568375 0.012998266897746967 0.01125
0 0.3456094742923166 0.579125 0.012998266897746967 0.01125
0 0.37305025996533797 0.588875 0.011842865395725015 0.01025
0 0.3857596764875794 0.660625 0.012998266897746967 0.01125
0 0.4966782206816869 0.699875 0.010687463893703062 0.00925
0 0.5059214326978625 0.708875 0.011842865395725015 0.01025
0 0.5472270363951474 0.717875 0.011842865395725015 0.01025
0 0.5761120739456961 0.771125 0.011842865395725015 0.01025
0 0.6000866551126517 0.725875 0.011842865395725015 0.01025
0 0.6127960716348931 0.735375 0.011842865395725015 0.01025
0 0.6307047949162334 0.730875 0.010687463893703062 0.00925
0 0.5186308492201039 0.898125 0.010687463893703062 0.00925
0 0.5369728480647025 0.8675 0.009820912767186597 0.0085
0 0.5740901213171578 0.863375 0.010687463893703062 0.00925
0 0.5993645291738879 0.843 0.009820912767186597 0.0085
0 0.6650779896013865 0.843125 0.010687463893703062 0.00925
0 0.6532351242056614 0.827375 0.010687463893703062 0.00925
0 0.6672443674176777 0.822 0.009820912767186597 0.0085
0 0.6731658001155402 0.805125 0.010687463893703062 0.00925
0 0.6939630271519353 0.789625 0.010687463893703062 0.00925
0 0.6463027151935298 0.652375 0.011842865395725015 0.01025
0 0.5954650491045639 0.580875 0.011842865395725015 0.01025
0 0.506210283073368 0.548125 0.011842865395725015 0.01025
0 0.5483824378971692 0.508875 0.011842865395725015 0.01025
0 0.43457538994800693 0.527875 0.011842865395725015 0.01025
0 0.3776718659734258 0.536625 0.011842865395725015 0.01025
0 0.3666955517042172 0.535375 0.011842865395725015 0.01025
0 0.37045060658578854 0.510125 0.011842865395725015 0.01025
0 0.5114095898324668 0.461375 0.011842865395725015 0.01025
0 0.5007221259387638 0.446375 0.010687463893703062 0.00925
0 0.5622472559214327 0.462375 0.010687463893703062 0.00925
0 0.5957538994800693 0.437625 0.010687463893703062 0.00925
0 0.49032351242056615 0.401125 0.010687463893703062 0.00925
0 0.4599942229924899 0.373875 0.010687463893703062 0.00925
0 0.46548238012709414 0.362625 0.010687463893703062 0.00925
0 0.5391392258809936 0.393125 0.010687463893703062 0.00925
0 0.5969093009820913 0.403625 0.010687463893703062 0.00925
0 0.6022530329289428 0.36675 0.009820912767186597 0.0085
0 0.5904101675332178 0.36075 0.009820912767186597 0.0085
0 0.6205950317735413 0.363625 0.010687463893703062 0.00925
0 0.695840554592721 0.439625 0.010398613518197574 0.00825
0 0.7004621606008088 0.43575 0.009820912767186597 0.0085
0 0.6870306181398036 0.397125 0.011842865395725015 0.01025
0 0.810947429231658 0.421375 0.011842865395725015 0.01025
0 0.8519641825534373 0.383875 0.011842865395725015 0.01025
0 0.8337666088965916 0.369625 0.011842865395725015 0.01025
0 0.7915944540727903 0.339375 0.011842865395725015 0.01025
0 0.7670421721548238 0.319125 0.011842865395725015 0.01025
0 0.7564991334488734 0.30225 0.009820912767186597 0.0085
0 0.7274696707105719 0.343125 0.010687463893703062 0.00925
0 0.6916522241478914 0.340125 0.011842865395725015 0.01025
0 0.7112940496822646 0.322125 0.011842865395725015 0.01025
0 0.7147602541883304 0.287625 0.011842865395725015 0.01025
0 0.6237723859041017 0.288375 0.011842865395725015 0.01025