0 0.7519503033805258 0.601625 0.023981508234614275 0.02075
0 0.7398150823461427 0.586375 0.023981508234614275 0.02075
0 0.596792834440913 0.573125 0.023981508234614275 0.02075
0 0.6678705576423 0.671125 0.023981508234614275 0.02075
0 0.5488298179716845 0.702875 0.023981508234614275 0.02075
0 0.5647211788500434 0.716625 0.023981508234614275 0.02075
0 0.5121352210343831 0.672375 0.023981508234614275 0.02075
0 0.4874313782143889 0.6335 0.02195897139555042 0.019
0 0.4280554752961572 0.631875 0.023981508234614275 0.02075
0 0.4347009534816527 0.582875 0.023981508234614275 0.02075
0 0.4624386015602427 0.523625 0.023981508234614275 0.02075
0 0.5036116729268998 0.489 0.026581912741982086 0.023
0 0.5538861600693441 0.456 0.02195897139555042 0.019
0 0.5595203698353077 0.470875 0.023981508234614275 0.02075
0 0.5502744871424444 0.418875 0.029182317249349898 0.02525
0 0.4978329962438602 0.4305 0.026581912741982086 0.023
0 0.6080612539728402 0.412875 0.029182317249349898 0.02525
0 0.6278532216122508 0.4475 0.026581912741982086 0.023
0 0.6607916787055764 0.40175 0.026581912741982086 0.023
0 0.6846287200231147 0.381625 0.023981508234614275 0.02075
0 0.7182895117018203 0.3795 0.026581912741982086 0.023
0 0.6914186651256862 0.34025 0.026581912741982086 0.023
0 0.6602138110372725 0.32275 0.026581912741982086 0.023
0 0.6924299335452181 0.296875 0.029182317249349898 0.02525
0 0.45333718578445537 0.3405 0.026581912741982086 0.023
0 0.4377347587402485 0.357 0.02195897139555042 0.019
0 0.43137821438890495 0.351 0.02195897139555042 0.019
0 0.4036405663103149 0.34375 0.026581912741982086 0.023
0 0.34151979196763943 0.43475 0.026581912741982086 0.023
0 0.4043629008956949 0.480625 0.029182317249349898 0.02525
0 0.29774631609361457 0.507625 0.029182317249349898 0.02525
0 0.2835885582201676 0.373375 0.029182317249349898 0.02525
0 0.18145044784744294 0.40475 0.026581912741982086 0.023
0 0.1821727824328229 0.440875 0.029182317249349898 0.02525
0 0.2139555041895406 0.339625 0.023981508234614275 0.02075
0 0.3123374747182895 0.22725 0.02195897139555042 0.019
0 0.3524992776654146 0.22025 0.02195897139555042 0.019
0 0.4010401618029471 0.217 0.02195897139555042 0.019
0 0.44452470384282 0.197875 0.023981508234614275 0.02075
0 0.7955793123374747 0.295875 0.029182317249349898 0.02525
0 0.806414331118174 0.31925 0.026581912741982086 0.023
0 0.8348743137821439 0.413125 0.023981508234614275 0.02075
0 0.8793701242415487 0.379375 0.023981508234614275 0.02075
0 0.8604449581045941 0.48225 0.02195897139555042 0.019
0 0.9146200520080902 0.544625 0.023981508234614275 0.02075
0 0.7140999711066166 0.698125 0.023981508234614275 0.02075
0 0.708610228257729 0.720625 0.023981508234614275 0.02075
0 0.7236347876336319 0.811875 0.023981508234614275 0.02075
0 0.5748338630453627 0.850875 0.023981508234614275 0.02075
0 0.596359433689685 0.9125 0.02195897139555042 0.019
0 0.6253972840219589 0.913375 0.023981508234614275 0.02075
0 0.48800924588269284 0.831 0.026581912741982086 0.023
0 0.5267263796590581 0.7955 0.026581912741982086 0.023
0 0.4111528459982664 0.70425 0.02195897139555042 0.019
0 0.24660502744871424 0.783625 0.023981508234614275 0.02075
0 0.17003756139843976 0.734375 0.023981508234614275 0.02075
0 0.1956082057208899 0.6165 0.026581912741982086 0.023
0 0.1776943080034672 0.53025 0.026581912741982086 0.023
0 0.33082924010401615 0.5765 0.026581912741982086 0.023
0 0.8909274776076278 0.716625 0.023981508234614275 0.02075
0 0.9412019647500722 0.626375 0.023981508234614275 0.02075