0 0.15790242477359043 0.628875 0.020157756354075372 0.01725
0 0.19412795793163892 0.664625 0.02424773590417762 0.02075
0 0.4497516798130295 0.706875 0.02424773590417762 0.02075
0 0.5752264095822378 0.75075 0.022202746129126497 0.019
0 0.3729184925503944 0.473625 0.02424773590417762 0.02075
0 0.2540169442009933 0.295625 0.02424773590417762 0.02075
0 0.5264387963774467 0.292 0.022202746129126497 0.019
0 0.5939234589541338 0.35 0.022202746129126497 0.019
0 0.7015775635407537 0.423625 0.02424773590417762 0.02075
0 0.8193105463044114 0.434625 0.02424773590417762 0.02075
0 0.6717791411042945 0.888625 0.02424773590417762 0.02075
0 0.4498977505112474 0.834 0.022202746129126497 0.019