0 0.7799514710342735 0.573625 0.025174400970579314 0.02075
0 0.691689414619351 0.604875 0.017288444040036398 0.01425
0 0.6508947528055808 0.64275 0.027904155292690323 0.023
0 0.6372459811950257 0.578 0.02305125872004853 0.019
0 0.6017591750075827 0.5335 0.02305125872004853 0.019
0 0.575674855929633 0.5565 0.02305125872004853 0.019
0 0.5380649074916591 0.58 0.02305125872004853 0.019
0 0.5470124355474674 0.507625 0.025174400970579314 0.02075
0 0.6477100394297847 0.496125 0.025174400970579314 0.02075
0 0.4596602972399151 0.476375 0.020928116469517744 0.01725
0 0.43873218077039733 0.505375 0.020928116469517744 0.01725
0 0.42068547164088566 0.495 0.02305125872004853 0.019
0 0.40097057931452834 0.539 0.02305125872004853 0.019
0 0.400060661207158 0.5505 0.02305125872004853 0.019
0 0.3735213830755232 0.573375 0.020928116469517744 0.01725
0 0.2882923870185017 0.544125 0.015468607825295723 0.01275
0 0.2823779193205945 0.4915 0.02305125872004853 0.019
0 0.3424325144070367 0.48275 0.02305125872004853 0.019
0 0.23263572945101607 0.443 0.02305125872004853 0.019
0 0.12526539278131635 0.43825 0.02305125872004853 0.019
0 0.2911737943585077 0.39325 0.02305125872004853 0.019
0 0.35774946921443734 0.391875 0.015468607825295723 0.01275
0 0.24886260236578708 0.337625 0.020928116469517744 0.01725
0 0.23627540188049742 0.32425 0.02305125872004853 0.019
0 0.2750985744616318 0.26125 0.02305125872004853 0.019
0 0.32074613284804365 0.255125 0.020928116469517744 0.01725
0 0.3835304822565969 0.273375 0.025174400970579314 0.02075
0 0.4499545040946315 0.291125 0.017288444040036398 0.01425
0 0.46602972399150744 0.297125 0.020928116469517744 0.01725
0 0.39854413102820746 0.212 0.02305125872004853 0.019
0 0.5595996360327571 0.17725 0.02305125872004853 0.019
0 0.6464968152866242 0.178875 0.020928116469517744 0.01725
0 0.6907794965119806 0.192625 0.015468607825295723 0.01275
0 0.7317258113436458 0.193375 0.020928116469517744 0.01725
0 0.7065514103730665 0.233375 0.020928116469517744 0.01725
0 0.6475583864118896 0.27225 0.02305125872004853 0.019
0 0.564604185623294 0.277375 0.025174400970579314 0.02075
0 0.7796481649984834 0.278875 0.025174400970579314 0.02075
0 0.6222323324234152 0.321125 0.025174400970579314 0.02075
0 0.5940248710949347 0.365625 0.020928116469517744 0.01725
0 0.5793145283591143 0.36375 0.02305125872004853 0.019
0 0.6166211707612982 0.4165 0.02305125872004853 0.019
0 0.4372156505914468 0.349625 0.025174400970579314 0.02075
0 0.4349408553230209 0.44525 0.02305125872004853 0.019
0 0.727176220806794 0.419375 0.025174400970579314 0.02075
0 0.7194419168941462 0.47675 0.02305125872004853 0.019
0 0.8246891113133151 0.43125 0.027904155292690323 0.023
0 0.7664543524416136 0.37425 0.027904155292690323 0.023
0 0.8114952987564452 0.363875 0.025174400970579314 0.02075
0 0.90521686381559 0.474375 0.025174400970579314 0.02075
0 0.9616317864725508 0.482875 0.025174400970579314 0.02075
0 0.8336366393691235 0.532125 0.025174400970579314 0.02075
0 0.8551713679102214 0.541375 0.025174400970579314 0.02075
0 0.8718531998786776 0.623625 0.025174400970579314 0.02075
0 0.7711555959963603 0.725375 0.025174400970579314 0.02075
0 0.7526539278131635 0.716125 0.025174400970579314 0.02075
0 0.6847133757961783 0.779375 0.025174400970579314 0.02075
0 0.6907794965119806 0.723625 0.025174400970579314 0.02075
0 0.48240824992417347 0.819875 0.025174400970579314 0.02075
0 0.46451319381255685 0.735375 0.025174400970579314 0.02075
0 0.2529572338489536 0.752 0.027904155292690323 0.023
0 0.2653927813163482 0.69725 0.027904155292690323 0.023
0 0.5749165908401577 0.613375 0.025174400970579314 0.02075