0 0.4509828629032258 0.169 0.044102822580645164 0.043
0 0.4959677419354839 0.21 0.04007056451612903 0.039
0 0.5350302419354839 0.189 0.04007056451612903 0.043
0 0.5579637096774194 0.204 0.04788306451612903 0.048
0 0.4339717741935484 0.198 0.019909274193548387 0.021
0 0.4209929435483871 0.191 0.026965725806451613 0.027
0 0.32396673387096775 0.242 0.007056451612903226 0.007
0 0.3889868951612903 0.252 0.006048387096774193 0.006
0 0.4380040322580645 0.226 0.04788306451612903 0.048
0 0.3780241935483871 0.221 0.05493951612903226 0.048
0 0.36794354838709675 0.262 0.052923387096774195 0.052
0 0.4100302419354839 0.387 0.051915322580645164 0.052
0 0.4280493951612903 0.385 0.006048387096774193 0.006
0 0.43901209677419356 0.387 0.007056451612903226 0.007
0 0.47505040322580644 0.39 0.011088709677419355 0.011
0 0.5220514112903226 0.412 0.006048387096774193 0.006
0 0.5279737903225806 0.432 0.009072580645161291 0.009
0 0.5530493951612904 0.439 0.009072580645161291 0.009
0 0.5650201612903226 0.458 0.010080645161290322 0.01
0 0.5330141129032258 0.489 0.009072580645161291 0.009
0 0.5719506048387096 0.521 0.009072580645161291 0.009
0 0.6189516129032258 0.57 0.010080645161290322 0.01
0 0.48903729838709675 0.568 0.011088709677419355 0.011
0 0.37600806451612906 0.646 0.007056451612903226 0.007
0 0.48198084677419356 0.804 0.004032258064516129 0.004
0 0.49798387096774194 0.792 0.005040322580645161 0.005
0 0.5299899193548387 0.725 0.006048387096774193 0.006
0 0.6150453629032258 0.692 0.006048387096774193 0.006
0 0.666960685483871 0.498 0.007056451612903226 0.007
0 0.711945564516129 0.459 0.008064516129032258 0.008
0 0.7410534274193549 0.461 0.009072580645161291 0.009
0 0.7890625 0.438 0.010080645161290322 0.01
0 0.7299647177419355 0.38 0.005040322580645161 0.005
0 0.7680191532258065 0.275 0.006048387096774193 0.006
0 0.7550403225806451 0.247 0.052923387096774195 0.052
0 0.7700352822580645 0.351 0.05796370967741935 0.058
0 0.6189516129032258 0.433 0.05897177419354839 0.066
0 0.501008064516129 0.427 0.05796370967741935 0.063
0 0.2739415322580645 0.351 0.052923387096774195 0.061
0 0.1930443548387097 0.483 0.049899193548387094 0.048
0 0.17300907258064516 0.568 0.03704637096774194 0.024
0 0.17502520161290322 0.541 0.046875 0.036
0 0.17200100806451613 0.589 0.033014112903225805 0.033
0 0.18094758064516128 0.606 0.032006048387096774 0.044
0 0.2009828629032258 0.603 0.026965725806451613 0.035
0 0.2169858870967742 0.617 0.036038306451612906 0.036
0 0.2040070564516129 0.643 0.04007056451612903 0.032
0 0.22505040322580644 0.67 0.04007056451612903 0.039
0 0.20199092741935484 0.685 0.027973790322580645 0.035
0 0.18901209677419356 0.69 0.027973790322580645 0.038
0 0.2700352822580645 0.757 0.033014112903225805 0.044
0 0.2469758064516129 0.753 0.036038306451612906 0.047
0 0.28805443548387094 0.79 0.036038306451612906 0.024
0 0.27104334677419356 0.805 0.021925403225806453 0.031
0 0.2890625 0.809 0.034022177419354836 0.024
0 0.3259828629032258 0.819 0.04007056451612903 0.039
0 0.3800403225806452 0.796 0.021925403225806453 0.022
0 0.3780241935483871 0.762 0.025957661290322582 0.013
0 0.34299395161290325 0.766 0.03503024193548387 0.033
0 0.33303931451612906 0.741 0.044102822580645164 0.046
0 0.375 0.725 0.046875 0.036
0 0.38205645161290325 0.75 0.03503024193548387 0.018
0 0.3780241935483871 0.777 0.030997983870967742 0.022
0 0.40095766129032256 0.807 0.02998991935483871 0.036
0 0.375 0.825 0.044102822580645164 0.043
0 0.4280493951612903 0.791 0.023941532258064516 0.021
0 0.43598790322580644 0.785 0.026965725806451613 0.033
0 0.4270413306451613 0.808 0.026965725806451613 0.027
0 0.45904737903225806 0.786 0.02998991935483871 0.029
0 0.45703125 0.807 0.026965725806451613 0.027
0 0.48198084677419356 0.763 0.04788306451612903 0.048
0 0.47794858870967744 0.812 0.026965725806451613 0.027
0 0.46799395161290325 0.835 0.044102822580645164 0.043
0 0.501008064516129 0.8 0.036038306451612906 0.036
0 0.49798387096774194 0.839 0.02998991935483871 0.04
0 0.5200352822580645 0.837 0.021925403225806453 0.041
0 0.5510332661290323 0.843 0.044102822580645164 0.043
0 0.538054435483871 0.703 0.044102822580645164 0.043