0 0.48433420365535246 0.463375 0.016536118363794605 0.01425
0 0.5322019147084421 0.449125 0.016536118363794605 0.01425
0 0.5626631853785901 0.443125 0.016536118363794605 0.01425
0 0.5243690165361183 0.415125 0.016536118363794605 0.01425
0 0.6125616478096896 0.371375 0.016536118363794605 0.01425
0 0.6752248331882796 0.447625 0.016536118363794605 0.01425
0 0.6876994487960545 0.455375 0.016536118363794605 0.01425
0 0.6990136350449666 0.452125 0.016536118363794605 0.01425
0 0.7039454598201335 0.484125 0.016536118363794605 0.01425
0 0.685378590078329 0.509625 0.016536118363794605 0.01425
0 0.7077168552364375 0.510375 0.016536118363794605 0.01425
0 0.7146794313896142 0.578875 0.016536118363794605 0.01425
0 0.7384682332463012 0.576875 0.016536118363794605 0.01425
0 0.6636205395996518 0.607875 0.016536118363794605 0.01425
0 0.5542500725268349 0.647375 0.016536118363794605 0.01425
0 0.5475776037133739 0.651875 0.016536118363794605 0.01425
0 0.630258195532347 0.701625 0.016536118363794605 0.01425
0 0.6244560487380331 0.727375 0.016536118363794605 0.01425
0 0.5113141862489121 0.667625 0.016536118363794605 0.01425
0 0.4904264577893821 0.673375 0.016536118363794605 0.01425
0 0.4161589788221642 0.654625 0.016536118363794605 0.01425
0 0.40339425587467365 0.706375 0.016536118363794605 0.01425
0 0.3102697998259356 0.662375 0.016536118363794605 0.01425
0 0.2603713373948361 0.673875 0.016536118363794605 0.01425
0 0.3714824485059472 0.622125 0.016536118363794605 0.01425
0 0.24499564838990426 0.620125 0.016536118363794605 0.01425
0 0.20322019147084422 0.677875 0.016536118363794605 0.01425
0 0.18030171163330433 0.695125 0.016536118363794605 0.01425
0 0.13185378590078328 0.670875 0.016536118363794605 0.01425
0 0.14519872352770524 0.554375 0.016536118363794605 0.01425
0 0.14026689875253845 0.545375 0.016536118363794605 0.01425
0 0.2139541630403249 0.545625 0.016536118363794605 0.01425
0 0.1704380620829707 0.496125 0.016536118363794605 0.01425
0 0.20612126486800117 0.489125 0.016536118363794605 0.01425
0 0.11357702349869452 0.509125 0.016536118363794605 0.01425
0 0.0918189730200174 0.508375 0.016536118363794605 0.01425
0 0.1704380620829707 0.445875 0.016536118363794605 0.01425
0 0.14490861618798956 0.423625 0.016536118363794605 0.01425
0 0.1373658253553815 0.412875 0.016536118363794605 0.01425
0 0.23658253553814912 0.369125 0.016536118363794605 0.01425
0 0.2708152016246011 0.339125 0.016536118363794605 0.01425
0 0.20554105018856977 0.295875 0.016536118363794605 0.01425
0 0.3163620539599652 0.263125 0.016536118363794605 0.01425
0 0.35088482738613286 0.240625 0.016536118363794605 0.01425
0 0.365970409051349 0.226375 0.016536118363794605 0.01425
0 0.38047577603713373 0.229875 0.016536118363794605 0.01425
0 0.40832608064984044 0.204125 0.016536118363794605 0.01425
0 0.5690455468523353 0.285125 0.016536118363794605 0.01425
0 0.5205976211198143 0.299375 0.016536118363794605 0.01425
0 0.607339715694807 0.294625 0.016536118363794605 0.01425
0 0.6218450826805918 0.309375 0.016536118363794605 0.01425
0 0.6554975340876125 0.297875 0.016536118363794605 0.01425
0 0.685378590078329 0.266375 0.016536118363794605 0.01425
0 0.6888598781549173 0.252875 0.016536118363794605 0.01425
0 0.6769654772265739 0.225375 0.016536118363794605 0.01425
0 0.7204815781839281 0.335375 0.016536118363794605 0.01425
0 0.7416594139831738 0.356875 0.016536118363794605 0.01425
0 0.4651871192341166 0.373375 0.016536118363794605 0.01425
0 0.4886858137510879 0.337125 0.016536118363794605 0.01425
0 0.3891789962286046 0.466875 0.016536118363794605 0.01425
0 0.3360893530606324 0.492625 0.016536118363794605 0.01425
0 0.3900493182477517 0.549125 0.016536118363794605 0.01425
0 0.32970699158688715 0.577625 0.016536118363794605 0.01425
0 0.4733101247461561 0.620125 0.016536118363794605 0.01425
0 0.5385842761821874 0.560375 0.016536118363794605 0.01425
0 0.4089062953292718 0.778875 0.016536118363794605 0.01425
0 0.35784740353930955 0.788875 0.016536118363794605 0.01425
0 0.30736872642877866 0.812125 0.016536118363794605 0.01425
0 0.28299970989266027 0.815875 0.016536118363794605 0.01425
0 0.2812590658543661 0.831125 0.016536118363794605 0.01425
0 0.39643167972149695 0.875125 0.016536118363794605 0.01425
0 0.4115172613867131 0.891625 0.016536118363794605 0.01425
0 0.503771395416304 0.909875 0.016536118363794605 0.01425
0 0.7729910066724688 0.718125 0.016536118363794605 0.01425
0 0.8945459820133449 0.582875 0.016536118363794605 0.01425
0 0.8452277342616769 0.548375 0.016536118363794605 0.01425
0 0.8400058021467943 0.542125 0.016536118363794605 0.01425
0 0.8930954453147665 0.491625 0.016536118363794605 0.01425
0 0.8101247461560778 0.477875 0.016536118363794605 0.01425
0 0.8542210617928634 0.447625 0.016536118363794605 0.01425
0 0.8539309544531477 0.416375 0.016536118363794605 0.01425
0 0.8301421525964607 0.381125 0.016536118363794605 0.01425
0 0.8020017406440383 0.276125 0.016536118363794605 0.01425
0 0.27922831447635627 0.746875 0.016536118363794605 0.01425
0 0.2432550043516101 0.742625 0.016536118363794605 0.01425
0 0.20902233826515812 0.738375 0.016536118363794605 0.01425