0 0.12190028713129732 0.5355 0.013051422605063952 0.0125
0 0.12477160010441138 0.67075 0.013051422605063952 0.0125
0 0.1320803967632472 0.684 0.013051422605063952 0.0125
0 0.27447141738449493 0.700875 0.014356564865570347 0.01375
0 0.23570869224745497 0.6285 0.013051422605063952 0.0125
0 0.2517619420516836 0.612125 0.014356564865570347 0.01375
0 0.27447141738449493 0.625875 0.014356564865570347 0.01375
0 0.28882798225006523 0.553625 0.014356564865570347 0.01375
0 0.2662490211433046 0.51475 0.015661707126076743 0.015
0 0.2654659357870008 0.482 0.013051422605063952 0.0125
0 0.2713390759592796 0.472125 0.014356564865570347 0.01375
0 0.39806838945445056 0.54175 0.013051422605063952 0.0125
0 0.41947272252675544 0.534 0.013051422605063952 0.0125
0 0.43787522839989557 0.623375 0.014356564865570347 0.01375
0 0.3869746802401462 0.687125 0.014356564865570347 0.01375
0 0.3775776559645001 0.710125 0.014356564865570347 0.01375
0 0.5056121117201775 0.8025 0.013051422605063952 0.0125
0 0.6340381101540068 0.822 0.013051422605063952 0.0125
0 0.5660401983816236 0.719625 0.014356564865570347 0.01375
0 0.570608196293396 0.651 0.013051422605063952 0.0125
0 0.5584703732706865 0.601125 0.014356564865570347 0.01375
0 0.5077003393369878 0.5545 0.013051422605063952 0.0125
0 0.49543200208822763 0.54075 0.013051422605063952 0.0125
0 0.4689376141999478 0.483375 0.014356564865570347 0.01375
0 0.5122683372487601 0.463625 0.014356564865570347 0.01375
0 0.5993213260245367 0.541 0.013051422605063952 0.0125
0 0.6213782302270947 0.543125 0.011746280344557557 0.01125
0 0.6243800574262595 0.516 0.013051422605063952 0.0125
0 0.6483946750195771 0.5395 0.013051422605063952 0.0125
0 0.5925345862699034 0.47575 0.013051422605063952 0.0125
0 0.626729313495171 0.458 0.013051422605063952 0.0125
0 0.5411119812059515 0.42275 0.013051422605063952 0.0125
0 0.5813103628295484 0.4145 0.013051422605063952 0.0125
0 0.5569042025580788 0.378125 0.014356564865570347 0.01375
0 0.6724092926128948 0.38575 0.013051422605063952 0.0125
0 0.5917515009135996 0.3135 0.013051422605063952 0.0125
0 0.5719133385539024 0.2965 0.013051422605063952 0.0125
0 0.4125554685460715 0.423875 0.014356564865570347 0.01375
0 0.43931088488645265 0.3635 0.015661707126076743 0.015
0 0.4494909945184025 0.3345 0.013051422605063952 0.0125
0 0.43134951709736363 0.331625 0.014356564865570347 0.01375
0 0.3761419994779431 0.33925 0.013051422605063952 0.0125
0 0.3356825894022448 0.32225 0.013051422605063952 0.0125
0 0.4462281388671365 0.266875 0.014356564865570347 0.01375
0 0.4799008091882015 0.221375 0.014356564865570347 0.01375
0 0.41620986687548944 0.163125 0.014356564865570347 0.01375
0 0.3362046463064474 0.3655 0.013051422605063952 0.0125
0 0.3150613416862438 0.393 0.013051422605063952 0.0125
0 0.29796397807361 0.399125 0.010702166536152441 0.01025
0 0.2926128948055338 0.4055 0.013051422605063952 0.0125
0 0.30801357347950925 0.40325 0.013051422605063952 0.0125