0 0.4438982070561018 0.41425 0.02197802197802198 0.019
0 0.46775592828224405 0.439875 0.024002313475997687 0.02075
0 0.4282822440717178 0.4395 0.02197802197802198 0.019
0 0.4032677848467322 0.446125 0.024002313475997687 0.02075
0 0.42799305957200695 0.46725 0.02197802197802198 0.019
0 0.36784268363215733 0.485 0.026604973973395025 0.023
0 0.22903412377096588 0.518 0.026604973973395025 0.023
0 0.2072006940427993 0.547375 0.024002313475997687 0.02075
0 0.15023134759976864 0.542625 0.024002313475997687 0.02075
0 0.1380855986119144 0.542625 0.024002313475997687 0.02075
0 0.1194331983805668 0.50375 0.02197802197802198 0.019
0 0.13345864661654136 0.490375 0.024002313475997687 0.02075
0 0.1401098901098901 0.409875 0.024002313475997687 0.02075
0 0.37969924812030076 0.244 0.02197802197802198 0.019
0 0.38288027761711974 0.20825 0.02197802197802198 0.019
0 0.4392712550607287 0.2155 0.02197802197802198 0.019
0 0.4875650665124349 0.17375 0.02197802197802198 0.019
0 0.6417004048582996 0.2335 0.02197802197802198 0.019
0 0.5445344129554656 0.23175 0.02197802197802198 0.019
0 0.5257374204742625 0.24575 0.02197802197802198 0.019
0 0.5857432041642568 0.292625 0.024002313475997687 0.02075
0 0.6087333718912666 0.33175 0.02197802197802198 0.019
0 0.70213996529786 0.2775 0.02197802197802198 0.019
0 0.7852805089647195 0.301375 0.024002313475997687 0.02075
0 0.8575766338924233 0.426625 0.01995373048004627 0.01725
0 0.8642278773857721 0.438625 0.01995373048004627 0.01725
0 0.8520821283979179 0.436625 0.01995373048004627 0.01725
0 0.8431174089068826 0.441625 0.01995373048004627 0.01725
0 0.9055812608444187 0.474625 0.024002313475997687 0.02075
0 0.9384037015615962 0.4425 0.02197802197802198 0.019
0 0.9074609600925391 0.5095 0.02197802197802198 0.019
0 0.9232215153267784 0.535125 0.01995373048004627 0.01725
0 0.9119433198380567 0.574375 0.024002313475997687 0.02075
0 0.8697223828802776 0.625375 0.01995373048004627 0.01725
0 0.7825332562174667 0.61425 0.02197802197802198 0.019
0 0.7693753614806247 0.607625 0.01995373048004627 0.01725
0 0.7977154424522845 0.595125 0.01995373048004627 0.01725
0 0.7663389242336611 0.5875 0.02197802197802198 0.019
0 0.7103817235396183 0.613125 0.024002313475997687 0.02075
0 0.7103817235396183 0.672875 0.024002313475997687 0.02075
0 0.9149797570850202 0.6565 0.02197802197802198 0.019
0 0.7980046269519954 0.761125 0.029207634470792367 0.02525
0 0.7893290919606709 0.830375 0.024002313475997687 0.02075
0 0.7268652400231348 0.844375 0.024002313475997687 0.02075
0 0.616685945633314 0.828125 0.029207634470792367 0.02525
0 0.6279641411220359 0.785625 0.024002313475997687 0.02075
0 0.6312897628687102 0.761 0.026604973973395025 0.023
0 0.5319548872180451 0.675625 0.029207634470792367 0.02525
0 0.4266917293233083 0.728875 0.029207634470792367 0.02525
0 0.3934355118565645 0.765875 0.024002313475997687 0.02075
0 0.32186234817813764 0.77925 0.026604973973395025 0.023
0 0.29973973395026027 0.774375 0.024002313475997687 0.02075
0 0.30884904569115096 0.685 0.026604973973395025 0.023
0 0.2860034702139965 0.63075 0.02197802197802198 0.019
0 0.27313475997686526 0.625375 0.024002313475997687 0.02075
0 0.25867553499132445 0.630375 0.024002313475997687 0.02075
0 0.39791787160208214 0.6235 0.026604973973395025 0.023
0 0.4551764025448236 0.627 0.026604973973395025 0.023
0 0.488288027761712 0.628375 0.024002313475997687 0.02075
0 0.4091960670908039 0.56 0.026604973973395025 0.023
0 0.3559861191440139 0.541 0.026604973973395025 0.023
0 0.5059282822440717 0.515625 0.024002313475997687 0.02075
0 0.5390399074609601 0.5445 0.026604973973395025 0.023
0 0.5062174667437825 0.384875 0.024002313475997687 0.02075
0 0.4316078658183921 0.308125 0.01995373048004627 0.01725
0 0.39618276460381724 0.28 0.026604973973395025 0.023
0 0.7239733950260266 0.474875 0.024002313475997687 0.02075
0 0.2216599190283401 0.607125 0.024002313475997687 0.02075
0 0.31260844418739153 0.58275 0.026604973973395025 0.023
0 0.1921631000578369 0.593375 0.01995373048004627 0.01725
0 0.186524002313476 0.57825 0.02197802197802198 0.019
0 0.10352805089647195 0.589 0.02197802197802198 0.019
0 0.14618276460381724 0.630375 0.024002313475997687 0.02075
0 0.12637362637362637 0.648 0.02197802197802198 0.019
0 0.190427993059572 0.673625 0.024002313475997687 0.02075
0 0.3373337189126663 0.833625 0.024002313475997687 0.02075
0 0.4574898785425101 0.86075 0.02197802197802198 0.019