0 0.23747465971618884 0.75775 0.009846510280915146 0.0085
0 0.23848827106863596 0.749375 0.01071532001158413 0.00925
0 0.23747465971618884 0.73825 0.009846510280915146 0.0085
0 0.23211699971039676 0.740125 0.01071532001158413 0.00925
0 0.2138719953663481 0.711125 0.01187373298580944 0.01025
0 0.184622067767159 0.691625 0.01187373298580944 0.01025
0 0.16290182450043442 0.653125 0.01187373298580944 0.01025
0 0.15479293368085723 0.630625 0.01187373298580944 0.01025
0 0.16058499855198377 0.607625 0.01187373298580944 0.01025
0 0.16058499855198377 0.559125 0.013032145960034752 0.01125
0 0.15624094989863888 0.505125 0.01071532001158413 0.00925
0 0.17361714451201854 0.513625 0.008977700550246163 0.00775
0 0.17564436721691282 0.507375 0.01071532001158413 0.00925
0 0.16319142774399073 0.469125 0.01187373298580944 0.01025
0 0.1408919779901535 0.443875 0.00666087460179554 0.00575
0 0.13669273095858675 0.44625 0.00810889081957718 0.007
0 0.14538082826527657 0.44 0.009846510280915146 0.0085
0 0.13799594555459022 0.452375 0.01071532001158413 0.00925
0 0.17390674775557485 0.420625 0.008977700550246163 0.00775
0 0.16666666666666666 0.419625 0.01071532001158413 0.00925
0 0.1817260353315957 0.416625 0.01071532001158413 0.00925
0 0.182884448305821 0.398125 0.01071532001158413 0.00925
0 0.19331016507384882 0.370625 0.00666087460179554 0.00575
0 0.19881262670141905 0.361875 0.008977700550246163 0.00775
0 0.20431508832898929 0.357625 0.008977700550246163 0.00775
0 0.2070663191427744 0.352 0.009846510280915146 0.0085
0 0.2118447726614538 0.347125 0.008977700550246163 0.00775
0 0.22125687807703445 0.34025 0.009846510280915146 0.0085
0 0.19533738777874313 0.334125 0.01071532001158413 0.00925
0 0.23385461917173472 0.362375 0.005502461627570229 0.00475
0 0.23255140457573126 0.36825 0.009846510280915146 0.0085
0 0.24138430350419926 0.352375 0.00666087460179554 0.00575
0 0.245583550535766 0.35075 0.00810889081957718 0.007
0 0.2602085143353606 0.355125 0.008977700550246163 0.00775
0 0.2652765710975963 0.36325 0.009846510280915146 0.0085
0 0.28062554300608167 0.357 0.00810889081957718 0.007
0 0.2849695916594266 0.36 0.00810889081957718 0.007
0 0.28916883869099336 0.345125 0.005502461627570229 0.00475
0 0.28482479003764843 0.344875 0.008977700550246163 0.00775
0 0.24659716188821315 0.319125 0.008977700550246163 0.00775
0 0.25354763973356503 0.304875 0.01071532001158413 0.00925
0 0.26788300028960327 0.2955 0.009846510280915146 0.0085
0 0.2813495511149725 0.299125 0.008977700550246163 0.00775
0 0.2958297132927889 0.341625 0.007240081088908196 0.00625
0 0.29988415870257745 0.340125 0.007240081088908196 0.00625
0 0.29872574572835214 0.330625 0.008977700550246163 0.00775
0 0.3197219808861859 0.33275 0.009846510280915146 0.0085
0 0.30915146249638 0.277625 0.01071532001158413 0.00925
0 0.32131479872574575 0.281125 0.01071532001158413 0.00925
0 0.32406602953953084 0.262 0.00810889081957718 0.007
0 0.317984361424848 0.26475 0.009846510280915146 0.0085
0 0.33724297712134377 0.252875 0.005502461627570229 0.00475
0 0.3302924992759919 0.26325 0.008398494063133507 0.0085
0 0.33405734144222415 0.259375 0.008977700550246163 0.00775
0 0.343614248479583 0.257875 0.008977700550246163 0.00775
0 0.3286996814364321 0.247 0.009846510280915146 0.0085
0 0.3117578916883869 0.239375 0.008977700550246163 0.00775
0 0.3094410657399363 0.243875 0.008977700550246163 0.00775
0 0.3185635679119606 0.2375 0.009846510280915146 0.0085
0 0.32363162467419637 0.230125 0.01071532001158413 0.00925
0 0.35375036200405446 0.237875 0.008977700550246163 0.00775
0 0.34737909064581524 0.226625 0.01187373298580944 0.01025
0 0.38386909933391256 0.255125 0.01071532001158413 0.00925
0 0.4197799015348972 0.278375 0.01187373298580944 0.01025
0 0.4320880393860411 0.26875 0.009846510280915146 0.0085
0 0.34853750362004055 0.328375 0.008977700550246163 0.00775
0 0.37981465392412395 0.326875 0.00666087460179554 0.00575
0 0.3734433825658847 0.324375 0.008977700550246163 0.00775
0 0.3802490587894584 0.319 0.00810889081957718 0.007
0 0.3893715609614828 0.324625 0.003764842166232262 0.00325
0 0.3919779901534897 0.321375 0.007240081088908196 0.00625
0 0.40457573124818996 0.3275 0.00810889081957718 0.007
0 0.369244135534318 0.348 0.00810889081957718 0.007
0 0.3731537793223284 0.354125 0.008977700550246163 0.00775
0 0.3085722560092673 0.360125 0.004923255140457573 0.00425
0 0.3077034462785983 0.355875 0.00666087460179554 0.00575
0 0.29554011004923253 0.355375 0.005502461627570229 0.00475
0 0.2990153489719085 0.356875 0.005502461627570229 0.00475
0 0.2938024905878946 0.358875 0.006081668114682885 0.00525
0 0.31668114682884446 0.365875 0.007240081088908196 0.00625
0 0.30306979438169707 0.364375 0.00666087460179554 0.00575
0 0.30726904141326383 0.36725 0.00810889081957718 0.007
0 0.3008977700550246 0.377 0.00810889081957718 0.007
0 0.32551404575731246 0.36325 0.004633651896901245 0.004
0 0.3291340863017666 0.360375 0.005502461627570229 0.00475
0 0.325079640891978 0.359375 0.004923255140457573 0.00425
0 0.3210251954821894 0.355125 0.00666087460179554 0.00575
0 0.33174051549377354 0.357875 0.00666087460179554 0.00575
0 0.33000289603243554 0.353375 0.00666087460179554 0.00575
0 0.341876629018245 0.364375 0.007240081088908196 0.00625
0 0.34651028091514624 0.357125 0.007240081088908196 0.00625
0 0.3470894874022589 0.352375 0.007819287576020852 0.00525
0 0.3302924992759919 0.371375 0.007240081088908196 0.00625
0 0.33203011873732985 0.367625 0.006081668114682885 0.00525
0 0.3327541268462207 0.37425 0.00810889081957718 0.007
0 0.3611352447147408 0.3815 0.009846510280915146 0.0085
0 0.40747176368375326 0.3575 0.00810889081957718 0.007
0 0.3919779901534897 0.3585 0.01187373298580944 0.0085
0 0.41311902693310165 0.348125 0.008977700550246163 0.00775
0 0.41109180422820735 0.370875 0.008977700550246163 0.00775
0 0.42600637127135826 0.3715 0.00810889081957718 0.007
0 0.43672169128294236 0.37625 0.009846510280915146 0.0085
0 0.45004344048653344 0.34825 0.009846510280915146 0.0085
0 0.4425137561540689 0.3375 0.004633651896901245 0.004
0 0.4397625253402838 0.340125 0.008977700550246163 0.00775
0 0.43237764262959744 0.34225 0.009846510280915146 0.0085
0 0.44150014480162175 0.302125 0.01071532001158413 0.00925
0 0.45047784535186797 0.305875 0.01071532001158413 0.00925
0 0.47046046915725453 0.289375 0.01071532001158413 0.00925
0 0.48856067187952507 0.26125 0.009846510280915146 0.0085
0 0.482334202143064 0.240625 0.013032145960034752 0.01125
0 0.5115841297422531 0.241875 0.008977700550246163 0.00775
0 0.5081088908195772 0.237625 0.008977700550246163 0.00775
0 0.42673037938024905 0.209375 0.01187373298580944 0.01025
0 0.447002606429192 0.188625 0.01071532001158413 0.00925
0 0.4380249058789458 0.183375 0.01187373298580944 0.01025
0 0.4218071242397915 0.186375 0.01187373298580944 0.01025
0 0.41196061395887634 0.182625 0.01187373298580944 0.01025
0 0.45916594265855776 0.197375 0.008977700550246163 0.00775
0 0.45598030697943814 0.194375 0.01071532001158413 0.00925
0 0.4635099913119027 0.206625 0.007240081088908196 0.00625
0 0.46799884158702576 0.217 0.011004923255140457 0.007
0 0.4690124529394729 0.209875 0.008977700550246163 0.00775
0 0.46322038806834637 0.211875 0.008977700550246163 0.00775
0 0.5260642919200695 0.295375 0.01071532001158413 0.00925
0 0.5308427454387489 0.30475 0.009846510280915146 0.0085
0 0.5198378221836084 0.3065 0.009846510280915146 0.0085
0 0.5409788589632204 0.30275 0.009846510280915146 0.0085
0 0.5215754416449464 0.31625 0.009846510280915146 0.0085
0 0.5683463654792934 0.306125 0.01071532001158413 0.00925
0 0.5805097017086591 0.325125 0.01071532001158413 0.00925
0 0.509701708659137 0.343375 0.010425716768027803 0.00625
0 0.5065160729800173 0.337625 0.011584129742253113 0.00775
0 0.5107153200115842 0.349125 0.008977700550246163 0.00775
0 0.511439328120475 0.357 0.008688097306689836 0.007
0 0.525629887054735 0.353 0.009846510280915146 0.0085
0 0.5104257167680278 0.362375 0.007240081088908196 0.00625
0 0.5149145670431509 0.36375 0.00810889081957718 0.007
0 0.5139009556907037 0.370625 0.01071532001158413 0.00925
0 0.5243266724587315 0.379375 0.008977700550246163 0.00775
0 0.47683174051549376 0.380875 0.01071532001158413 0.00925
0 0.45800752968433245 0.399625 0.008977700550246163 0.00775
0 0.4229655372140168 0.387875 0.008977700550246163 0.00775
0 0.4271647842455836 0.3935 0.009846510280915146 0.0085
0 0.40341731827396465 0.38825 0.009846510280915146 0.0085
0 0.40399652476107734 0.3995 0.00810889081957718 0.007
0 0.4105125977410947 0.421125 0.01071532001158413 0.00925
0 0.45004344048653344 0.41375 0.009846510280915146 0.0085
0 0.4979727772951057 0.403375 0.01071532001158413 0.00925
0 0.5228786562409499 0.431375 0.01071532001158413 0.00925
0 0.484071821604402 0.444125 0.01071532001158413 0.00925
0 0.28743121922965537 0.474125 0.01187373298580944 0.01025
0 0.30480741384303506 0.530125 0.01187373298580944 0.01025
0 0.3705473501303215 0.479625 0.008977700550246163 0.00925
0 0.3793802490587895 0.480125 0.009846510280915146 0.01025
0 0.35259194902982915 0.478625 0.01187373298580944 0.01025
0 0.49811757891688385 0.4845 0.00810889081957718 0.007
0 0.5004344048653345 0.47925 0.009846510280915146 0.0085
0 0.5069504778453519 0.486875 0.007240081088908196 0.00625
0 0.4855198378221836 0.490625 0.01071532001158413 0.00925
0 0.49247031566753546 0.497625 0.008977700550246163 0.00775
0 0.5231682594845062 0.479625 0.01071532001158413 0.00925
0 0.40139009556907035 0.551375 0.008688097306689836 0.00925
0 0.41167101071532003 0.551375 0.01187373298580944 0.01025
0 0.3227628149435274 0.608375 0.013032145960034752 0.01125
0 0.3534607587604981 0.621625 0.013032145960034752 0.01125
0 0.3864755285259195 0.672125 0.01187373298580944 0.01025
0 0.38039386041123663 0.694625 0.01187373298580944 0.01025
0 0.4359976831740516 0.713875 0.01187373298580944 0.01025
0 0.42933680857225603 0.721875 0.01071532001158413 0.00925
0 0.4539530842745439 0.732875 0.01187373298580944 0.01025
0 0.39979727772951057 0.757125 0.01187373298580944 0.01025
0 0.4498986388647553 0.770375 0.01187373298580944 0.01025
0 0.4947871416159861 0.810125 0.01071532001158413 0.00925
0 0.5527077903272517 0.819375 0.01071532001158413 0.00925
0 0.6132348682305242 0.804125 0.01071532001158413 0.00925
0 0.5069504778453519 0.750375 0.006081668114682885 0.00525
0 0.5139009556907037 0.75 0.01071532001158413 0.01
0 0.5567622357370402 0.738625 0.01071532001158413 0.00925
0 0.5755864465682016 0.719875 0.01071532001158413 0.00925
0 0.5828265276571097 0.727875 0.01071532001158413 0.00925
0 0.5069504778453519 0.678125 0.01071532001158413 0.00925
0 0.531856356791196 0.674625 0.008977700550246163 0.00775
0 0.5428612800463365 0.675375 0.008977700550246163 0.00775
0 0.5438748913987836 0.66075 0.00810889081957718 0.007
0 0.5493773530263539 0.68275 0.009846510280915146 0.0085
0 0.5527077903272517 0.690625 0.01071532001158413 0.00925
0 0.5796408919779902 0.682625 0.01071532001158413 0.00925
0 0.5990443092962641 0.685875 0.01071532001158413 0.00925
0 0.6109180422820736 0.686875 0.01071532001158413 0.00925
0 0.6530553142195192 0.70425 0.009846510280915146 0.0085
0 0.7064871126556618 0.696125 0.007240081088908196 0.00625
0 0.7311033883579496 0.710875 0.00666087460179554 0.00575
0 0.6882421083116131 0.680625 0.01187373298580944 0.01025
0 0.6989574283231972 0.673875 0.01071532001158413 0.00925
0 0.7247321169997104 0.693375 0.01071532001158413 0.00925
0 0.7371850564726324 0.690375 0.01071532001158413 0.00925
0 0.7483347813495511 0.7095 0.009846510280915146 0.0085
0 0.7581812916304662 0.709 0.009846510280915146 0.0085
0 0.780046336518969 0.709125 0.01071532001158413 0.00925
0 0.8035041992470315 0.702125 0.01071532001158413 0.00925
0 0.7479003764842166 0.678375 0.01071532001158413 0.00925
0 0.7351578337677382 0.677125 0.007240081088908196 0.00625
0 0.7312481899797277 0.67975 0.009846510280915146 0.0085
0 0.7450043440486533 0.664375 0.007240081088908196 0.00625
0 0.7506516072980017 0.664 0.00810889081957718 0.007
0 0.7538372429771213 0.6675 0.009846510280915146 0.0085
0 0.7476107732406603 0.654875 0.01187373298580944 0.01025
0 0.7777295105705184 0.654375 0.01071532001158413 0.00925
0 0.7891688386909933 0.6615 0.009846510280915146 0.0085
0 0.7846799884158703 0.664375 0.007240081088908196 0.00625
0 0.8052418187083695 0.678875 0.008977700550246163 0.00775
0 0.83043730089777 0.684625 0.01071532001158413 0.00925
0 0.8582392122791775 0.650125 0.01071532001158413 0.00925
0 0.6691282942368955 0.655625 0.01071532001158413 0.00925
0 0.6472632493483927 0.652 0.009846510280915146 0.0085
0 0.631624674196351 0.65575 0.009846510280915146 0.0085
0 0.6049811757891689 0.64275 0.009846510280915146 0.0085
0 0.5897770055024616 0.642875 0.006081668114682885 0.00525
0 0.5873153779322329 0.6475 0.009846510280915146 0.0085
0 0.5603822762814944 0.6525 0.009846510280915146 0.0085
0 0.5505357660005792 0.645 0.009846510280915146 0.0085
0 0.5476397335650159 0.6325 0.00810889081957718 0.007
0 0.5695047784535187 0.621625 0.01071532001158413 0.00925
0 0.6038227628149435 0.61725 0.009846510280915146 0.0085
0 0.5052128583840139 0.652875 0.006081668114682885 0.00525
0 0.5150593686649291 0.649875 0.01071532001158413 0.00925
0 0.5249058789458442 0.652875 0.00666087460179554 0.00575
0 0.5276571097596293 0.648 0.009846510280915146 0.0085
0 0.5338835794960903 0.641125 0.007240081088908196 0.00625
0 0.5396756443672169 0.646125 0.008977700550246163 0.00775
0 0.5260642919200695 0.630625 0.008977700550246163 0.00775
0 0.5285259194902983 0.6235 0.009846510280915146 0.0085
0 0.5037648421662323 0.618625 0.01071532001158413 0.00925
0 0.547784535186794 0.600125 0.01071532001158413 0.00925
0 0.49160150593686647 0.574375 0.01071532001158413 0.00925
0 0.48986388647552853 0.584875 0.01071532001158413 0.00925
0 0.5046336518969012 0.580625 0.01071532001158413 0.00925
0 0.498262380538662 0.563 0.01071532001158413 0.007
0 0.498262380538662 0.55825 0.01187373298580944 0.0085
0 0.5402548508543296 0.513375 0.007819287576020852 0.00775
0 0.533593976252534 0.512375 0.01071532001158413 0.00925
0 0.5582102519548219 0.520875 0.01071532001158413 0.00925
0 0.5584998551983782 0.500625 0.01071532001158413 0.00925
0 0.580364900086881 0.509 0.009846510280915146 0.0085
0 0.5944106573993628 0.520625 0.01071532001158413 0.00925
0 0.6146828844483058 0.518875 0.007240081088908196 0.00625
0 0.6281494352736751 0.51825 0.009846510280915146 0.0085
0 0.6361135244714741 0.518375 0.007240081088908196 0.00625
0 0.6379959455545902 0.5135 0.00810889081957718 0.007
0 0.6413263828554879 0.517125 0.008977700550246163 0.00775
0 0.6358239212279178 0.488875 0.01071532001158413 0.00925