0 0.5461649782923299 0.71425 0.017945007235890015 0.0155
0 0.4768451519536903 0.730125 0.01649782923299566 0.01425
0 0.41577424023154846 0.756875 0.01997105643994211 0.01725
0 0.5816208393632417 0.770375 0.01997105643994211 0.01725
0 0.3473227206946454 0.71925 0.017945007235890015 0.0155
0 0.3613603473227207 0.691375 0.01997105643994211 0.01725
0 0.291027496382055 0.732875 0.01997105643994211 0.01725
0 0.24225759768451519 0.778 0.017945007235890015 0.0155
0 0.29160636758321273 0.782625 0.01997105643994211 0.01725
0 0.1777134587554269 0.72225 0.017945007235890015 0.0155
0 0.2735166425470333 0.68625 0.017945007235890015 0.0155
0 0.2801736613603473 0.65975 0.017945007235890015 0.0155
0 0.3316931982633864 0.60025 0.017945007235890015 0.0155
0 0.37076700434153403 0.6065 0.017945007235890015 0.0155
0 0.10217076700434154 0.556 0.017945007235890015 0.0155
0 0.2280752532561505 0.50875 0.017945007235890015 0.0155
0 0.2665701881331404 0.50675 0.017945007235890015 0.0155
0 0.1191027496382055 0.445875 0.01997105643994211 0.01725
0 0.13256150506512301 0.42575 0.017945007235890015 0.0155
0 0.15745296671490594 0.398 0.017945007235890015 0.0155
0 0.21765557163531116 0.31075 0.017945007235890015 0.0155
0 0.34819102749638203 0.2625 0.017945007235890015 0.0155
0 0.620260492040521 0.24175 0.017945007235890015 0.0155
0 0.8648335745296671 0.3385 0.017945007235890015 0.0155
0 0.7904486251808972 0.375 0.017945007235890015 0.0155
0 0.887698986975398 0.368 0.017945007235890015 0.0155
0 0.8671490593342981 0.44025 0.017945007235890015 0.0155
0 0.7985528219971056 0.4525 0.017945007235890015 0.0155
0 0.7545586107091172 0.487 0.017945007235890015 0.0155
0 0.6509406657018814 0.4995 0.017945007235890015 0.0155
0 0.6133140376266281 0.4925 0.017945007235890015 0.0155
0 0.6735166425470333 0.42 0.017945007235890015 0.0155
0 0.7247467438494934 0.4075 0.017945007235890015 0.0155
0 0.6034732272069464 0.3955 0.017945007235890015 0.0155
0 0.5898697539797395 0.436 0.017945007235890015 0.0155
0 0.5557163531114327 0.46225 0.017945007235890015 0.0155
0 0.5866859623733719 0.47525 0.017945007235890015 0.0155
0 0.6024602026049204 0.471125 0.01649782923299566 0.01425
0 0.44732272069464546 0.457625 0.01649782923299566 0.01425
0 0.5285094066570188 0.538 0.017945007235890015 0.0155
0 0.5691751085383502 0.547125 0.01997105643994211 0.01725
0 0.47742402315484805 0.578375 0.01997105643994211 0.01725
0 0.3507959479015919 0.50325 0.017945007235890015 0.0155
0 0.6619392185238785 0.55625 0.017945007235890015 0.0155
0 0.7424023154848046 0.621 0.017945007235890015 0.0155
0 0.7871201157742402 0.558375 0.01997105643994211 0.01725
0 0.927930535455861 0.613 0.017945007235890015 0.0155
0 0.8988422575976845 0.678625 0.01997105643994211 0.01725
0 0.8298118668596237 0.683 0.017945007235890015 0.0155
0 0.7986975397973951 0.675125 0.01997105643994211 0.01725
0 0.8068017366136034 0.728125 0.01997105643994211 0.01725
0 0.8946454413892909 0.75075 0.017945007235890015 0.0155
0 0.6217076700434153 0.75725 0.017945007235890015 0.0155
0 0.7664254703328509 0.8335 0.017945007235890015 0.0155
0 0.819247467438495 0.827875 0.01997105643994211 0.01725
0 0.6060781476121563 0.9035 0.017945007235890015 0.0155
0 0.6101302460202604 0.667 0.017945007235890015 0.0155