0 0.13352531070021217 0.422375 0.020915428917853897 0.01725
0 0.17838739011821764 0.467375 0.020915428917853897 0.01725
0 0.11852076386783873 0.5025 0.018793573810245528 0.0155
0 0.1444377083964838 0.531875 0.020915428917853897 0.01725
0 0.27614428614731734 0.53875 0.023037284025462262 0.019
0 0.24537738708699605 0.665625 0.025159139133070628 0.02075
0 0.2124886329190664 0.70275 0.023037284025462262 0.019
0 0.25810851773264626 0.747125 0.020915428917853897 0.01725
0 0.34737799333131253 0.7495 0.023037284025462262 0.019
0 0.35813882994846924 0.815 0.021521673234313428 0.0155
0 0.48135798726886936 0.7515 0.023037284025462262 0.019
0 0.5225826007881176 0.76025 0.018793573810245528 0.0155
0 0.6045771445892695 0.727125 0.015459230069718097 0.01275
0 0.586996059411943 0.742875 0.025159139133070628 0.02075
0 0.7431039709002728 0.727375 0.020915428917853897 0.01725
0 0.7171870263716278 0.693 0.023037284025462262 0.019
0 0.7652318884510457 0.687625 0.020915428917853897 0.01725
0 0.7550772961503486 0.67425 0.023037284025462262 0.019
0 0.7906941497423462 0.683375 0.020915428917853897 0.01725
0 0.8056986965747196 0.63225 0.023037284025462262 0.019
0 0.6930888147923613 0.621625 0.015459230069718097 0.01275
0 0.6712640193998182 0.605875 0.020915428917853897 0.01725
0 0.6523188845104577 0.62525 0.023037284025462262 0.019
0 0.5989693846620188 0.66925 0.023037284025462262 0.019
0 0.5912397696271597 0.580625 0.020915428917853897 0.01725
0 0.5768414671112458 0.59875 0.018793573810245528 0.0155
0 0.5923006971809639 0.5475 0.018793573810245528 0.0155
0 0.5797211276144286 0.554625 0.020915428917853897 0.01725
0 0.6191270081842982 0.554375 0.020915428917853897 0.01725
0 0.4799939375568354 0.608375 0.020915428917853897 0.01725
0 0.4563504092149136 0.619875 0.020915428917853897 0.01725
0 0.4875719915125796 0.655125 0.020915428917853897 0.01725
0 0.40148529857532583 0.629125 0.020915428917853897 0.01725
0 0.40603213094877233 0.619125 0.020915428917853897 0.01725
0 0.42149136101849044 0.563375 0.020915428917853897 0.01725
0 0.399969687784177 0.464125 0.020915428917853897 0.01725
0 0.5072749317975144 0.435125 0.01424674143679903 0.01175
0 0.49575628978478326 0.456125 0.020915428917853897 0.01725
0 0.5281903607153683 0.473125 0.020915428917853897 0.01725
0 0.6239769627159746 0.430125 0.020915428917853897 0.01725
0 0.44452864504395273 0.398125 0.020915428917853897 0.01725
0 0.4190663837526523 0.373875 0.020915428917853897 0.01725
0 0.5189451348893604 0.375 0.018793573810245528 0.0155
0 0.4998484389208851 0.366 0.018793573810245528 0.0155
0 0.689602909972719 0.45325 0.023037284025462262 0.019
0 0.6892997878144892 0.4065 0.023037284025462262 0.019
0 0.6659593816307973 0.35025 0.023037284025462262 0.019
0 0.7238557138526827 0.50725 0.023037284025462262 0.019
0 0.8170657775083359 0.514375 0.01424674143679903 0.01175
0 0.8281297362837223 0.4675 0.023037284025462262 0.019
0 0.886935434980297 0.54275 0.023037284025462262 0.019
0 0.9518035768414671 0.5575 0.018793573810245528 0.0155
0 0.9524098211579266 0.5755 0.018793573810245528 0.0155
0 0.9140648681418612 0.333125 0.020915428917853897 0.01725
0 0.833737496210973 0.303375 0.020915428917853897 0.01725
0 0.6705062140042437 0.297 0.018793573810245528 0.0155
0 0.7061230675962413 0.277375 0.020915428917853897 0.01725
0 0.5936647468929979 0.240875 0.017277963019096697 0.01425
0 0.46832373446498937 0.3215 0.023037284025462262 0.019
0 0.39799939375568355 0.28475 0.007274931797514398 0.006
0 0.3340406183692028 0.24675 0.018793573810245528 0.0155
0 0.3293422249166414 0.217375 0.020915428917853897 0.01725
0 0.2867535616853592 0.2415 0.018793573810245528 0.0155
0 0.3676871779327069 0.141 0.018793573810245528 0.0155
0 0.2094574113367687 0.3255 0.012731130645650197 0.0105
0 0.24704455895725977 0.33525 0.018793573810245528 0.0155
0 0.28781448923916336 0.352875 0.020915428917853897 0.01725
0 0.2941800545619885 0.373875 0.015459230069718097 0.01275