0 0.45171113689095127 0.681625 0.024071925754060326 0.02075
0 0.38268561484918795 0.615125 0.024071925754060326 0.02075
0 0.5081206496519721 0.6115 0.022041763341067284 0.019
0 0.4943445475638051 0.569625 0.020011600928074247 0.01725
0 0.4576566125290023 0.54425 0.022041763341067284 0.019
0 0.3948665893271462 0.527375 0.024071925754060326 0.02075
0 0.4359048723897912 0.4845 0.022041763341067284 0.019
0 0.4306844547563805 0.47625 0.022041763341067284 0.019
0 0.4419953596287703 0.436 0.022041763341067284 0.019
0 0.4202436194895592 0.43925 0.022041763341067284 0.019
0 0.4910092807424594 0.43125 0.022041763341067284 0.019
0 0.41589327146171695 0.393 0.022041763341067284 0.019
0 0.2594257540603248 0.420125 0.020011600928074247 0.01725
0 0.2669663573085847 0.409625 0.024071925754060326 0.02075
0 0.23288863109048724 0.43775 0.022041763341067284 0.019
0 0.22288283062645012 0.467375 0.024071925754060326 0.02075
0 0.28248259860788866 0.51375 0.022041763341067284 0.019
0 0.28204756380510443 0.550375 0.024071925754060326 0.02075
0 0.22273781902552203 0.586 0.022041763341067284 0.019
0 0.12833526682134572 0.535375 0.020011600928074247 0.01725
0 0.11644431554524362 0.546375 0.020011600928074247 0.01725
0 0.10948375870069606 0.601375 0.020011600928074247 0.01725
0 0.2736368909512761 0.727125 0.024071925754060326 0.02075
0 0.30162412993039445 0.749 0.022041763341067284 0.019
0 0.2302784222737819 0.79 0.022041763341067284 0.019
0 0.3255510440835267 0.872125 0.020011600928074247 0.01725
0 0.41197795823665895 0.873875 0.020011600928074247 0.01725
0 0.4369199535962877 0.847125 0.020011600928074247 0.01725
0 0.4895591647331787 0.8965 0.022041763341067284 0.019
0 0.5127610208816705 0.88225 0.022041763341067284 0.019
0 0.6959106728538283 0.872875 0.020011600928074247 0.01725
0 0.6860498839907193 0.890375 0.020011600928074247 0.01725
0 0.736223897911833 0.776375 0.020011600928074247 0.01725
0 0.6695185614849188 0.750125 0.020011600928074247 0.01725
0 0.6238399071925754 0.70925 0.022041763341067284 0.019
0 0.7204176334106729 0.67925 0.022041763341067284 0.019
0 0.7952436194895591 0.675 0.022041763341067284 0.019
0 0.8718097447795824 0.62925 0.022041763341067284 0.019
0 0.943300464037123 0.647375 0.020011600928074247 0.01725
0 0.9557714617169374 0.580875 0.020011600928074247 0.01725
0 0.8365719257540604 0.379375 0.020011600928074247 0.01725
0 0.818300464037123 0.384125 0.020011600928074247 0.01725
0 0.8127900232018561 0.379625 0.020011600928074247 0.01725
0 0.7723317865429234 0.39125 0.022041763341067284 0.019
0 0.7682714617169374 0.373 0.022041763341067284 0.019
0 0.8314965197215777 0.335 0.022041763341067284 0.019
0 0.7195475638051044 0.39525 0.022041763341067284 0.019
0 0.6193445475638051 0.364375 0.020011600928074247 0.01725
0 0.6083236658932715 0.289875 0.024071925754060326 0.02075
0 0.6283352668213457 0.196875 0.020011600928074247 0.01725
0 0.49521461716937354 0.196125 0.020011600928074247 0.01725
0 0.3362819025522042 0.269875 0.024071925754060326 0.02075
0 0.3597737819025522 0.313875 0.024071925754060326 0.02075
0 0.30495939675174016 0.316625 0.024071925754060326 0.02075
0 0.3912412993039443 0.34275 0.02668213457076566 0.023
0 0.41748839907192575 0.298375 0.024071925754060326 0.02075
0 0.7237529002320185 0.296125 0.024071925754060326 0.02075
0 0.636600928074246 0.493 0.022041763341067284 0.019
0 0.6779292343387471 0.486375 0.024071925754060326 0.02075
0 0.7633410672853829 0.5945 0.022041763341067284 0.019
0 0.7781322505800464 0.59875 0.022041763341067284 0.019
0 0.4976798143851508 0.731 0.022041763341067284 0.019
0 0.4811484918793503 0.80075 0.022041763341067284 0.019
0 0.5655452436194895 0.814 0.022041763341067284 0.019
0 0.4037122969837587 0.80075 0.022041763341067284 0.019
0 0.30713457076566125 0.63925 0.02668213457076566 0.023