0 0.4230544177881802 0.184 0.02399063779988297 0.021
0 0.5899648917495611 0.435 0.1179052077238151 0.101
0 0.43402574605032185 0.415 0.09801053247513165 0.084
0 0.4040374488004681 0.473 0.08894090111176127 0.076
0 0.3019309537741369 0.406 0.09801053247513165 0.084
0 0.4789350497366881 0.566 0.09801053247513165 0.084
0 0.83703920421299 0.66 0.10708016383850205 0.092
0 0.8509362200117028 0.363 0.09801053247513165 0.084
0 0.7640433001755412 0.308 0.09801053247513165 0.084
0 0.5810415447630193 0.318 0.10708016383850205 0.092
0 0.429052077238151 0.296 0.09801053247513165 0.084
0 0.35005851375073144 0.275 0.08104154476301931 0.069
0 0.2309830310122879 0.282 0.07314218841427736 0.062
0 0.10898186073727326 0.512 0.08104154476301931 0.069
0 0.20201872440023405 0.493 0.08104154476301931 0.069
0 0.22293739028671739 0.525 0.08104154476301931 0.069
0 0.2830602691632534 0.57 0.09801053247513165 0.084
0 0.30500292568753656 0.641 0.1179052077238151 0.101
0 0.3029549444119368 0.747 0.08104154476301931 0.069
0 0.4909303686366296 0.826 0.10708016383850205 0.092
0 0.5729959040374488 0.783 0.10708016383850205 0.092
0 0.7239613809245172 0.716 0.10708016383850205 0.092
0 0.7179637214745466 0.765 0.08894090111176127 0.076
0 0.7340550029256875 0.842 0.08104154476301931 0.069