0 0.4458874458874459 0.464 0.01904761904761905 0.0165
0 0.5217893217893218 0.45775 0.01904761904761905 0.0165
0 0.5922077922077922 0.36725 0.01904761904761905 0.0165
0 0.4184704184704185 0.37625 0.01904761904761905 0.0165
0 0.40144300144300143 0.36125 0.01904761904761905 0.0165
0 0.42943722943722945 0.3555 0.01904761904761905 0.0165
0 0.33766233766233766 0.383 0.01904761904761905 0.0165
0 0.31601731601731603 0.4175 0.017316017316017316 0.015
0 0.31255411255411253 0.395 0.01904761904761905 0.0165
0 0.35613275613275613 0.4575 0.01904761904761905 0.0165
0 0.3215007215007215 0.4675 0.01904761904761905 0.0165
0 0.44112554112554114 0.519875 0.02106782106782107 0.01825
0 0.589033189033189 0.512 0.017316017316017316 0.015
0 0.30692640692640694 0.523375 0.02106782106782107 0.01825
0 0.3165945165945166 0.50975 0.01904761904761905 0.0165
0 0.2865800865800866 0.4945 0.017316017316017316 0.015
0 0.28975468975468976 0.47175 0.017316017316017316 0.015
0 0.2733044733044733 0.469 0.01904761904761905 0.0165
0 0.21702741702741704 0.52325 0.01904761904761905 0.0165
0 0.13102453102453102 0.539 0.01904761904761905 0.0165
0 0.11717171717171718 0.5045 0.01904761904761905 0.0165
0 0.1414141414141414 0.4595 0.01904761904761905 0.0165
0 0.14256854256854257 0.39875 0.017316017316017316 0.015
0 0.1492063492063492 0.3935 0.01904761904761905 0.0165
0 0.18297258297258298 0.3575 0.01904761904761905 0.0165
0 0.2455988455988456 0.307 0.01904761904761905 0.0165
0 0.27936507936507937 0.285 0.01904761904761905 0.0165
0 0.3673881673881674 0.326 0.01904761904761905 0.0165
0 0.4 0.30475 0.01904761904761905 0.0165
0 0.3878787878787879 0.26575 0.01904761904761905 0.0165
0 0.42828282828282827 0.29 0.01904761904761905 0.0165
0 0.4769119769119769 0.261125 0.02106782106782107 0.01825
0 0.3873015873015873 0.23025 0.01904761904761905 0.0165
0 0.5167388167388167 0.230625 0.02106782106782107 0.01825
0 0.5405483405483406 0.17425 0.01904761904761905 0.0165
0 0.6346320346320347 0.23175 0.01904761904761905 0.0165
0 0.6987012987012987 0.21225 0.01904761904761905 0.0165
0 0.5913419913419914 0.26475 0.01904761904761905 0.0165
0 0.6911976911976911 0.31 0.01904761904761905 0.0165
0 0.5896103896103896 0.34225 0.01904761904761905 0.0165
0 0.6544011544011544 0.427375 0.02106782106782107 0.01825
0 0.733044733044733 0.48375 0.01904761904761905 0.0165
0 0.674025974025974 0.493375 0.02106782106782107 0.01825
0 0.8183261183261183 0.449625 0.02106782106782107 0.01825
0 0.9163059163059163 0.43575 0.01904761904761905 0.0165
0 0.9645021645021645 0.46175 0.01904761904761905 0.0165
0 0.8313131313131313 0.523625 0.02106782106782107 0.01825
0 0.9028860028860028 0.558625 0.012987012987012988 0.01125
0 0.7698412698412699 0.647875 0.02106782106782107 0.01825
0 0.8028860028860029 0.69375 0.023088023088023088 0.02
0 0.6926406926406926 0.70575 0.01904761904761905 0.0165
0 0.45800865800865803 0.663 0.01904761904761905 0.0165
0 0.45541125541125543 0.636 0.01904761904761905 0.0165
0 0.40404040404040403 0.647 0.023088023088023088 0.02
0 0.48023088023088023 0.6175 0.01904761904761905 0.0165
0 0.5180375180375181 0.6165 0.01904761904761905 0.0165
0 0.5336219336219337 0.646 0.017316017316017316 0.015
0 0.5363636363636364 0.672625 0.015873015873015872 0.01375
0 0.524963924963925 0.673 0.017316017316017316 0.015
0 0.5561327561327561 0.682 0.01904761904761905 0.0165
0 0.6611832611832612 0.5725 0.01904761904761905 0.0165
0 0.5717171717171717 0.53025 0.023088023088023088 0.02
0 0.8735930735930736 0.76 0.01904761904761905 0.0165
0 0.6360750360750361 0.88075 0.01904761904761905 0.0165
0 0.5688311688311688 0.8215 0.01904761904761905 0.0165
0 0.5180375180375181 0.82675 0.01904761904761905 0.0165
0 0.31096681096681095 0.753625 0.02106782106782107 0.01825
0 0.3217893217893218 0.7525 0.023088023088023088 0.02
0 0.19595959595959597 0.7305 0.01904761904761905 0.0165
0 0.20505050505050504 0.701875 0.02106782106782107 0.01825
0 0.14675324675324675 0.667625 0.02106782106782107 0.01825
0 0.22554112554112554 0.626625 0.02106782106782107 0.01825
0 0.24141414141414141 0.662375 0.02106782106782107 0.01825
0 0.3515151515151515 0.648 0.023088023088023088 0.02
0 0.4388167388167388 0.707875 0.02106782106782107 0.01825
0 0.5122655122655123 0.75125 0.023088023088023088 0.02
0 0.44256854256854256 0.899125 0.02106782106782107 0.01825
0 0.7746031746031746 0.23025 0.017316017316017316 0.015