0 0.48818181818181816 0.33425 0.02303030303030303 0.019
0 0.5372727272727272 0.3365 0.02303030303030303 0.019
0 0.39075757575757575 0.328375 0.02515151515151515 0.02075
0 0.3793939393939394 0.2695 0.02303030303030303 0.019
0 0.33121212121212124 0.29325 0.02303030303030303 0.019
0 0.30954545454545457 0.316125 0.017272727272727273 0.01425
0 0.3321212121212121 0.3645 0.02303030303030303 0.019
0 0.31227272727272726 0.399375 0.02515151515151515 0.02075
0 0.3574242424242424 0.443625 0.02515151515151515 0.02075
0 0.3612121212121212 0.47725 0.02303030303030303 0.019
0 0.3656060606060606 0.527625 0.02515151515151515 0.02075
0 0.3556060606060606 0.542125 0.02090909090909091 0.01725
0 0.40045454545454545 0.552375 0.017272727272727273 0.01425
0 0.4543939393939394 0.552375 0.02515151515151515 0.02075
0 0.4671212121212121 0.530375 0.02515151515151515 0.02075
0 0.26606060606060605 0.5665 0.027878787878787878 0.023
0 0.26075757575757574 0.626875 0.02515151515151515 0.02075
0 0.2053030303030303 0.680375 0.02515151515151515 0.02075
0 0.195 0.525125 0.011818181818181818 0.00975
0 0.10121212121212121 0.49175 0.02303030303030303 0.019
0 0.1965151515151515 0.418375 0.02515151515151515 0.02075
0 0.14606060606060606 0.39975 0.02303030303030303 0.019
0 0.155 0.404375 0.014242424242424242 0.01175
0 0.1603030303030303 0.37525 0.02303030303030303 0.019
0 0.1203030303030303 0.336 0.02303030303030303 0.019
0 0.16106060606060607 0.280375 0.017272727272727273 0.01425
0 0.3096969696969697 0.2475 0.02303030303030303 0.019
0 0.2916666666666667 0.203125 0.017272727272727273 0.01425
0 0.47575757575757577 0.12275 0.02303030303030303 0.019
0 0.5506060606060607 0.15 0.02303030303030303 0.019
0 0.5857575757575758 0.18525 0.02303030303030303 0.019
0 0.6863636363636364 0.1675 0.02303030303030303 0.019
0 0.7001515151515152 0.177625 0.02090909090909091 0.01725
0 0.7266666666666667 0.15225 0.02303030303030303 0.019
0 0.696060606060606 0.22325 0.02303030303030303 0.019
0 0.7784848484848484 0.1795 0.02303030303030303 0.019
0 0.8474242424242424 0.262375 0.02515151515151515 0.02075
0 0.8789393939393939 0.293875 0.02090909090909091 0.01725
0 0.9034848484848484 0.282625 0.02515151515151515 0.02075
0 0.9496969696969697 0.375 0.02303030303030303 0.019
0 0.9587878787878787 0.39325 0.02303030303030303 0.019
0 0.9642424242424242 0.45575 0.02303030303030303 0.019
0 0.9527272727272728 0.46025 0.02303030303030303 0.019
0 0.7792424242424243 0.421625 0.02515151515151515 0.02075
0 0.7725757575757576 0.520125 0.02515151515151515 0.02075
0 0.8927272727272727 0.5635 0.027878787878787878 0.023
0 0.956060606060606 0.58875 0.02303030303030303 0.019
0 0.6983333333333334 0.688625 0.02515151515151515 0.02075
0 0.6507575757575758 0.641125 0.02515151515151515 0.02075
0 0.6119696969696969 0.732375 0.02515151515151515 0.02075
0 0.7151515151515152 0.729 0.027878787878787878 0.023
0 0.5757575757575758 0.7345 0.027878787878787878 0.023
0 0.6743939393939394 0.797875 0.02515151515151515 0.02075
0 0.7718181818181818 0.7835 0.02303030303030303 0.019
0 0.7828787878787878 0.797125 0.02090909090909091 0.01725
0 0.49757575757575756 0.81475 0.02303030303030303 0.019
0 0.4621212121212121 0.783 0.027878787878787878 0.023
0 0.4334848484848485 0.814625 0.02515151515151515 0.02075
0 0.3112121212121212 0.70675 0.027878787878787878 0.023
0 0.48924242424242426 0.674375 0.02515151515151515 0.02075
0 0.6207575757575757 0.581125 0.02515151515151515 0.02075
0 0.6298484848484849 0.551625 0.030606060606060605 0.02525
0 0.6313636363636363 0.405625 0.02515151515151515 0.02075
0 0.6225757575757576 0.330125 0.02515151515151515 0.02075
0 0.578030303030303 0.220125 0.02515151515151515 0.02075
0 0.5928787878787879 0.119375 0.02515151515151515 0.02075