0 0.7837405468295521 0.627125 0.016579406631762654 0.01425
0 0.8238801628853984 0.606375 0.016579406631762654 0.01425
0 0.8488947062245492 0.605875 0.016579406631762654 0.01425
0 0.8465677719604421 0.615125 0.016579406631762654 0.01425
0 0.9038685282140779 0.577875 0.016579406631762654 0.01425
0 0.7651250727166957 0.652375 0.016579406631762654 0.01425
0 0.7526178010471204 0.673125 0.016579406631762654 0.01425
0 0.7168411867364747 0.670875 0.016579406631762654 0.01425
0 0.7177137870855148 0.691625 0.016579406631762654 0.01425
0 0.7395287958115183 0.698375 0.016579406631762654 0.01425
0 0.7578534031413613 0.694875 0.016579406631762654 0.01425
0 0.7927574171029669 0.717875 0.016579406631762654 0.01425
0 0.8247527632344386 0.719625 0.016579406631762654 0.01425
0 0.8282431646305992 0.700375 0.016579406631762654 0.01425
0 0.8009016870273414 0.752875 0.016579406631762654 0.01425
0 0.8468586387434555 0.756875 0.016579406631762654 0.01425
0 0.691826643397324 0.822875 0.016579406631762654 0.01425
0 0.6447062245491565 0.818875 0.016579406631762654 0.01425
0 0.6860093077370564 0.863375 0.016579406631762654 0.01425
0 0.6162012798138452 0.892875 0.016579406631762654 0.01425
0 0.6036940081442699 0.840375 0.016579406631762654 0.01425
0 0.5341768470040721 0.894375 0.016579406631762654 0.01425
0 0.4489528795811518 0.889875 0.016579406631762654 0.01425
0 0.2817044793484584 0.800625 0.016579406631762654 0.01425
0 0.38816172193135545 0.788375 0.016579406631762654 0.01425
0 0.3587841768470041 0.723875 0.016579406631762654 0.01425
0 0.36867364746945896 0.719875 0.016579406631762654 0.01425
0 0.2889761489237929 0.607125 0.016579406631762654 0.01425
0 0.2168411867364747 0.549125 0.016579406631762654 0.01425
0 0.2534904013961606 0.514625 0.016579406631762654 0.01425
0 0.3459860383944154 0.523125 0.016579406631762654 0.01425
0 0.4338278068644561 0.563125 0.016579406631762654 0.01425
0 0.18019197207678883 0.499125 0.016579406631762654 0.01425
0 0.16593949970913321 0.458625 0.016579406631762654 0.01425
0 0.22294938917975568 0.389875 0.016579406631762654 0.01425
0 0.3235892961023851 0.303875 0.016579406631762654 0.01425
0 0.2456369982547993 0.299625 0.016579406631762654 0.01425
0 0.39194299011052935 0.261875 0.016579406631762654 0.01425
0 0.44139034322280396 0.243375 0.016579406631762654 0.01425
0 0.443717277486911 0.270875 0.016579406631762654 0.01425
0 0.37187318208260617 0.202625 0.016579406631762654 0.01425
0 0.49054682955206513 0.243875 0.016579406631762654 0.01425
0 0.5711169284467714 0.241125 0.016579406631762654 0.01425
0 0.5970040721349622 0.229375 0.016579406631762654 0.01425
0 0.6054392088423503 0.251125 0.016579406631762654 0.01425
0 0.6473240255962769 0.257375 0.016579406631762654 0.01425
0 0.6615764979639325 0.262375 0.016579406631762654 0.01425
0 0.6796102385107621 0.336875 0.016579406631762654 0.01425
0 0.6429610238510762 0.347875 0.016579406631762654 0.01425
0 0.6170738801628854 0.347375 0.016579406631762654 0.01425
0 0.7305119255381035 0.360875 0.016579406631762654 0.01425
0 0.7555264688772542 0.363125 0.016579406631762654 0.01425
0 0.7590168702734148 0.310375 0.016579406631762654 0.01425
0 0.821262361838278 0.340625 0.016579406631762654 0.01425
0 0.8422047702152414 0.329375 0.016579406631762654 0.01425
0 0.8631471785922048 0.311375 0.016579406631762654 0.01425
0 0.8826352530541012 0.346625 0.016579406631762654 0.01425
0 0.7773414776032577 0.418625 0.016579406631762654 0.01425
0 0.7671611401977894 0.441875 0.016579406631762654 0.01425
0 0.8148632926119838 0.444625 0.016579406631762654 0.01425
0 0.727021524141943 0.422625 0.016579406631762654 0.01425
0 0.8544211751018034 0.477625 0.016579406631762654 0.01425
0 0.8750727166957534 0.494375 0.016579406631762654 0.01425
0 0.6639034322280396 0.418375 0.016579406631762654 0.01425
0 0.6327806864456079 0.445375 0.016579406631762654 0.01425
0 0.6208551483420593 0.491375 0.016579406631762654 0.01425
0 0.5510471204188482 0.464875 0.016579406631762654 0.01425
0 0.6257998836532868 0.519125 0.016579406631762654 0.01425
0 0.6007853403141361 0.532625 0.016579406631762654 0.01425
0 0.5405759162303665 0.554875 0.016579406631762654 0.01425
0 0.5711169284467714 0.645625 0.016579406631762654 0.01425
0 0.5772251308900523 0.687875 0.016579406631762654 0.01425
0 0.47193135543920883 0.685625 0.016579406631762654 0.01425
0 0.41114019778941246 0.703375 0.016579406631762654 0.01425
0 0.5306864456079116 0.743875 0.016579406631762654 0.01425
0 0.43150087260034903 0.362375 0.016579406631762654 0.01425
0 0.5312681791739383 0.388375 0.016579406631762654 0.01425
0 0.8070098894706225 0.546625 0.016579406631762654 0.01425
0 0.8355148342059336 0.543625 0.016579406631762654 0.01425
0 0.9634962187318208 0.518125 0.016579406631762654 0.01425