0 0.22484319607308426 0.644625 0.015544041450777202 0.01325
0 0.33569675484046907 0.5465 0.016907553858740116 0.0145
0 0.3564221434415053 0.529875 0.01636214889555495 0.01425
0 0.5094082356149441 0.5715 0.01636214889555495 0.014
0 0.5445868557403872 0.687625 0.013635124079629125 0.01225
0 0.6814835014998637 0.77525 0.013635124079629125 0.012
0 0.8937823834196891 0.5875 0.013362421598036541 0.0135
0 0.9177802017998363 0.51025 0.013362421598036541 0.012
0 0.8269702754295064 0.4585 0.013362421598036541 0.0125
0 0.6977092991546223 0.369125 0.014998636487592037 0.01325
0 0.4218707390237251 0.19075 0.01527133896918462 0.0135
0 0.4008726479410963 0.1365 0.013635124079629125 0.012
0 0.3223343332424325 0.294875 0.015816743932369783 0.01425
0 0.34033269702754293 0.348625 0.01636214889555495 0.01425
0 0.35464957731115354 0.366125 0.015544041450777202 0.01375
0 0.39378238341968913 0.3735 0.01527133896918462 0.014
0 0.38069266430324517 0.437 0.01527133896918462 0.014
0 0.30788110171802563 0.385125 0.01527133896918462 0.01425
0 0.29260976274884104 0.445 0.01418052904281429 0.0125
0 0.2840196345786747 0.465625 0.013907826561221708 0.01275
0 0.27352058903736026 0.481625 0.01636214889555495 0.01475
0 0.2990182710662667 0.49275 0.013907826561221708 0.0125
0 0.30951731660758114 0.47325 0.013635124079629125 0.013
0 0.32819743659667305 0.470875 0.014453231524406873 0.01325
0 0.3393782383419689 0.474 0.014453231524406873 0.013