0 0.18602121294533588 0.689 0.007886864291542018 0.007
0 0.1720152298069078 0.673 0.010878433505575198 0.009
0 0.16902366059287463 0.668 0.010062550992657057 0.009
0 0.24898014685885234 0.647 0.010878433505575198 0.01
0 0.2209681805819962 0.588 0.011966276856132716 0.011
0 0.14699483274408484 0.606 0.0070709817786238785 0.009
0 0.16902366059287463 0.552 0.013870002719608376 0.013
0 0.21294533587163447 0.512 0.010878433505575198 0.01
0 0.2519717160728855 0.49 0.011966276856132716 0.011
0 0.2590426978515094 0.506 0.011966276856132716 0.011
0 0.22695131901006255 0.474 0.011966276856132716 0.011
0 0.20097905901550175 0.455 0.013870002719608376 0.013
0 0.1899646450911069 0.438 0.011966276856132716 0.011
0 0.35599673646994834 0.633 0.008974707642099537 0.009
0 0.3660592874626054 0.619 0.007886864291542018 0.007
0 0.36497144411204785 0.628 0.011966276856132716 0.011
0 0.4090290998096274 0.709 0.010878433505575198 0.01
0 0.34702202882784877 0.791 0.010062550992657057 0.009
0 0.33396790862115855 0.77 0.010878433505575198 0.01
0 0.40304596138156107 0.783 0.010062550992657057 0.009
0 0.39094370410660867 0.852 0.011966276856132716 0.011
0 0.46097361979874896 0.857 0.010878433505575198 0.01
0 0.4680446015773729 0.847 0.010878433505575198 0.01
0 0.5440576556975796 0.766 0.011966276856132716 0.011
0 0.571933641555616 0.866 0.010878433505575198 0.01
0 0.5810443296165352 0.859 0.010878433505575198 0.01
0 0.5799564862659777 0.876 0.011966276856132716 0.011
0 0.553984226271417 0.889 0.010062550992657057 0.009
0 0.542969812347022 0.881 0.011966276856132716 0.011
0 0.8309763394071253 0.749 0.010878433505575198 0.01
0 0.8429426162632581 0.753 0.010878433505575198 0.01
0 0.8580364427522437 0.727 0.010878433505575198 0.01
0 0.9000543921675279 0.689 0.010878433505575198 0.01
0 0.8360076149034539 0.67 0.010878433505575198 0.01
0 0.7969812347022028 0.665 0.010878433505575198 0.01
0 0.8769377209681806 0.63 0.010062550992657057 0.009
0 0.9150122382376937 0.63 0.010878433505575198 0.01
0 0.9099809627413652 0.651 0.010878433505575198 0.01
0 0.5620070709817786 0.559 0.011966276856132716 0.011
0 0.6240141419635572 0.52 0.010878433505575198 0.01
0 0.4880337231438673 0.481 0.010878433505575198 0.01
0 0.4480554800108784 0.467 0.011966276856132716 0.011
0 0.7230078868642915 0.599 0.010062550992657057 0.009
0 0.7009790590155017 0.532 0.010062550992657057 0.009
0 0.7039706282295349 0.496 0.010878433505575198 0.01
0 0.739053576285015 0.501 0.007886864291542018 0.008
0 0.6440032635300517 0.465 0.010878433505575198 0.01
0 0.6339407125373946 0.426 0.010062550992657057 0.009
0 0.6029371770465053 0.416 0.010878433505575198 0.01
0 0.3279847701930922 0.306 0.010878433505575198 0.01
0 0.3619798748980147 0.299 0.011966276856132716 0.011
0 0.3479738917595866 0.273 0.011966276856132716 0.011
0 0.3399510470492249 0.255 0.011966276856132716 0.011
0 0.33804732118574926 0.214 0.010878433505575198 0.009
0 0.4200435137340223 0.287 0.010878433505575198 0.01
0 0.4129725319553984 0.266 0.008974707642099537 0.009
0 0.4159641011694316 0.273 0.010062550992657057 0.009
0 0.4060375305955942 0.27 0.010062550992657057 0.009
0 0.45893391351645363 0.316 0.010062550992657057 0.009
0 0.4889855860756051 0.302 0.010878433505575198 0.01
0 0.4579820505847158 0.227 0.010878433505575198 0.01
0 0.45199891215664945 0.234 0.010878433505575198 0.01
0 0.5640467772640739 0.299 0.008974707642099537 0.011
0 0.571933641555616 0.298 0.0070709817786238785 0.009
0 0.6090562958933914 0.178 0.010878433505575198 0.01
0 0.607016589611096 0.218 0.011966276856132716 0.011
0 0.6339407125373946 0.267 0.010062550992657057 0.009
0 0.67106336687517 0.299 0.010062550992657057 0.009
0 0.6660320913788415 0.379 0.010062550992657057 0.008
0 0.6660320913788415 0.371 0.010878433505575198 0.009
0 0.6520261082404134 0.382 0.010062550992657057 0.009
0 0.6899646450911069 0.317 0.010062550992657057 0.009
0 0.7030187652977972 0.326 0.007886864291542018 0.008
0 0.6819418003807451 0.327 0.010878433505575198 0.01
0 0.6949959205874354 0.17 0.008974707642099537 0.006
0 0.7250475931465868 0.184 0.011966276856132716 0.01
0 0.731982594506391 0.294 0.010062550992657057 0.009
0 0.7050584715800925 0.275 0.010878433505575198 0.01
0 0.7080500407941257 0.266 0.008974707642099537 0.009
0 0.7799836823497417 0.276 0.011966276856132716 0.011
0 0.8449823225455534 0.272 0.010878433505575198 0.01
0 0.7420451454990481 0.326 0.010878433505575198 0.01
0 0.7639379929290182 0.321 0.008974707642099537 0.009
0 0.7790318194180038 0.332 0.008974707642099537 0.009
0 0.7900462333423987 0.334 0.008974707642099537 0.009
0 0.7769921131357085 0.347 0.010062550992657057 0.009
0 0.7510198531411477 0.354 0.010062550992657057 0.009
0 0.7710089747076421 0.38 0.010062550992657057 0.009
0 0.7489801468588523 0.404 0.010062550992657057 0.009
0 0.753059559423443 0.408 0.008974707642099537 0.01
0 0.7030187652977972 0.424 0.008974707642099537 0.006
0 0.7039706282295349 0.418 0.008974707642099537 0.007
0 0.7710089747076421 0.458 0.007886864291542018 0.005
0 0.77196083763938 0.463 0.010878433505575198 0.009
0 0.785966820777808 0.468 0.010062550992657057 0.009
0 0.8050040794125646 0.321 0.010062550992657057 0.009
0 0.8029643731302692 0.328 0.010878433505575198 0.01
0 0.799972803916236 0.37 0.008974707642099537 0.009
0 0.7900462333423987 0.368 0.008974707642099537 0.008
0 0.7919499592058743 0.362 0.008974707642099537 0.009
0 0.8169703562686973 0.37 0.010062550992657057 0.009
0 0.8089475115583356 0.391 0.010062550992657057 0.009
0 0.8380473211857492 0.396 0.010878433505575198 0.01
0 0.8599401686157193 0.397 0.010062550992657057 0.009
0 0.8580364427522437 0.412 0.007886864291542018 0.007
0 0.8580364427522437 0.406 0.010062550992657057 0.007
0 0.8580364427522437 0.419 0.007886864291542018 0.008
0 0.8970628229534947 0.442 0.010062550992657057 0.011
0 0.9069893935273321 0.44 0.008974707642099537 0.009
0 0.8920315474571662 0.45 0.010062550992657057 0.009
0 0.9389447919499592 0.421 0.0070709817786238785 0.006
0 0.9409844982322546 0.401 0.010878433505575198 0.013
0 0.7930378025564319 0.496 0.011966276856132716 0.01
0 0.8190100625509926 0.479 0.008974707642099537 0.009
0 0.8160184933369595 0.445 0.010062550992657057 0.009
0 0.810987217840631 0.439 0.010062550992657057 0.009
0 0.821049768833288 0.449 0.008974707642099537 0.009
0 0.8459341854772913 0.471 0.008974707642099537 0.009
0 0.8500135980418819 0.474 0.008974707642099537 0.009
0 0.8490617351101442 0.496 0.010878433505575198 0.01
0 0.8240413380473212 0.509 0.010062550992657057 0.009
0 0.8320641827576829 0.516 0.010062550992657057 0.009
0 0.8150666304052216 0.53 0.011966276856132716 0.011
0 0.8029643731302692 0.534 0.011966276856132716 0.011
0 0.8899918411748708 0.505 0.008974707642099537 0.009
0 0.892983410388904 0.498 0.010878433505575198 0.009
0 0.9000543921675279 0.505 0.010062550992657057 0.009
0 0.8920315474571662 0.489 0.010878433505575198 0.009
0 0.8819689964645091 0.51 0.007886864291542018 0.008
0 0.8709545825401143 0.518 0.010062550992657057 0.009