0 0.8406635802469136 0.551954732510288 0.020061728395061727 0.024691358024691357
0 0.6157407407407407 0.6237139917695473 0.019290123456790122 0.02417695473251029
0 0.5005787037037037 0.6342592592592593 0.021219135802469136 0.027777777777777776
0 0.7872299382716049 0.6957304526748971 0.02044753086419753 0.030349794238683128
0 0.5353009259259259 0.1743827160493827 0.021219135802469136 0.024691358024691357
0 0.4799382716049383 0.23070987654320987 0.017746913580246913 0.026234567901234566
0 0.5055941358024691 0.32407407407407407 0.017361111111111112 0.027777777777777776
0 0.6774691358024691 0.3523662551440329 0.019290123456790122 0.02417695473251029
0 0.5148533950617284 0.37448559670781895 0.017361111111111112 0.02263374485596708
0 0.5615354938271605 0.4035493827160494 0.02044753086419753 0.02726337448559671
0 0.3119212962962963 0.43647119341563784 0.019675925925925927 0.02417695473251029