1 0.5348739946380697 0.10170478170478171 0.01973190348525469 0.019454261954261955
1 0.5332975871313673 0.12296257796257797 0.02058981233243968 0.020285862785862786
1 0.5608096514745309 0.14894490644490643 0.02172654155495979 0.020005197505197508
1 0.6063860589812333 0.14866943866943869 0.019420911528150134 0.01834199584199584
1 0.5146648793565683 0.16742723492723494 0.02002680965147453 0.019173596673596673
1 0.513372654155496 0.1884043659043659 0.02031099195710456 0.018898128898128898
1 0.5350134048257372 0.19813409563409562 0.018873994638069706 0.01834199584199584
1 0.5490616621983915 0.17589916839916842 0.018294906166219836 0.016673596673596674
1 0.5698391420911528 0.18784823284823285 0.01455764075067024 0.013892931392931393
1 0.6417801608579089 0.1602027027027027 0.019120643431635387 0.01861746361746362
1 0.6380536193029491 0.19854989604989604 0.016825737265415548 0.017505197505197505
1 0.5738552278820376 0.20007796257796256 0.01627882037533512 0.015005197505197505
1 0.5642520107238606 0.21508316008316009 0.01886327077747989 0.016673596673596674
1 0.5913351206434316 0.20757796257796257 0.017989276139410187 0.015005197505197505
1 0.6237265415549598 0.23842515592515592 0.020273458445040214 0.016673596673596674
1 0.5724182305630027 0.23995322245322245 0.01570509383378016 0.014173596673596673
1 0.5755710455764075 0.25537422037422036 0.01398391420911528 0.01444906444906445
1 0.5294262734584451 0.2366164241164241 0.01572117962466488 0.014173596673596673
1 0.5355871313672922 0.25857068607068606 0.015431635388739947 0.01472972972972973
1 0.6056675603217158 0.29733887733887737 0.016268096514745308 0.01444906444906445
1 0.6069597855227882 0.3167879417879418 0.015404825737265416 0.013892931392931393
1 0.6076729222520107 0.32720893970893966 0.01568900804289544 0.013617463617463616
1 0.6045201072386059 0.3388825363825364 0.01798391420911528 0.018061330561330562
1 0.584171581769437 0.33818607068607065 0.015126005361930296 0.015005197505197505
1 0.5661126005361931 0.3217879417879418 0.013415549597855228 0.012780665280665281
1 0.5780107238605898 0.3279054054054054 0.014268096514745308 0.01444906444906445
1 0.5557962466487936 0.3242931392931393 0.014563002680965147 0.01444906444906445
1 0.5729919571045577 0.3583316008316008 0.01742627345844504 0.015285862785862785
1 0.5863217158176943 0.3800051975051975 0.01770509383378016 0.01694906444906445
1 0.5724182305630027 0.38653846153846155 0.01742627345844504 0.016117463617463617
1 0.6141233243967827 0.3848700623700624 0.019415549597855228 0.018898128898128898
1 0.6005093833780161 0.40348752598752596 0.017415549597855226 0.015561330561330562
1 0.5890455764075067 0.42696985446985447 0.017989276139410187 0.01861746361746362
1 0.6121179624664879 0.4465592515592515 0.021705093833780158 0.018898128898128898
1 0.5631045576407507 0.41071205821205825 0.014273458445040216 0.012780665280665281
1 0.5407506702412869 0.39959979209979213 0.015431635388739947 0.013892931392931393
1 0.5453351206434316 0.3877858627858628 0.013710455764075067 0.014173596673596673
1 0.5470563002680965 0.3757016632016632 0.01485254691689008 0.012224532224532224
1 0.5420375335120643 0.36694906444906444 0.013420911528150135 0.011392931392931394
1 0.5347292225201072 0.3638877338877339 0.014857908847184987 0.010836798336798337
1 0.5297158176943699 0.3706964656964657 0.01457372654155496 0.010561330561330561
1 0.5321501340482574 0.37556133056133056 0.012568364611260055 0.012505197505197505
1 0.5340107238605898 0.3511070686070686 0.01514745308310992 0.014173596673596673
1 0.5221179624664879 0.3461070686070686 0.015436997319034852 0.015841995841995842
1 0.4943163538873995 0.38903846153846156 0.017737265415549597 0.01722972972972973
1 0.4968954423592494 0.40390332640332643 0.017168900804289546 0.01472972972972973
1 0.5196836461126005 0.4004313929313929 0.0197372654155496 0.015561330561330562
1 0.530573726541555 0.4214137214137214 0.016294906166219838 0.01472972972972973
1 0.5375924932975872 0.4298856548856549 0.017152815013404824 0.01444906444906445
1 0.5436139410187668 0.4403066528066528 0.015431635388739947 0.012505197505197505
1 0.5590938337801609 0.45462058212058215 0.01656836461126005 0.015005197505197505
1 0.5884718498659517 0.47976611226611227 0.017420911528150135 0.015285862785862785
1 0.5804450402144772 0.4892151767151767 0.015126005361930296 0.013061330561330561
1 0.5877587131367292 0.49602390852390854 0.017260053619302947 0.01722972972972973
1 0.5999356568364612 0.519506237006237 0.019136729222520105 0.01472972972972973
1 0.5999356568364612 0.5304833679833679 0.01684182305630027 0.016117463617463617
1 0.6192815013404825 0.5217307692307692 0.02227882037533512 0.019173596673596673
1 0.5497747989276139 0.5029729729729729 0.016284182305630026 0.015561330561330562
1 0.5361608579088473 0.4593451143451143 0.017152815013404824 0.016117463617463617
1 0.5138069705093834 0.4571205821205821 0.014868632707774799 0.013892931392931393
1 0.5052064343163539 0.46448544698544697 0.01658981233243968 0.014173596673596673
1 0.5153833780160858 0.46490124740124744 0.012284182305630028 0.010005197505197506
1 0.5178176943699732 0.47170997920997926 0.013721179624664879 0.013061330561330561
1 0.5138069705093834 0.4776819126819127 0.01429490616621984 0.013336798336798336
1 0.5152386058981233 0.4935239085239085 0.016010723860589812 0.015005197505197505
1 0.5112278820375336 0.5186694386694386 0.018879356568364612 0.015285862785862785
1 0.5155227882037534 0.5085291060291061 0.01830563002680965 0.012780665280665281
1 0.4913083109919571 0.5050571725571725 0.01516353887399464 0.013061330561330561
1 0.4875817694369973 0.5158939708939709 0.016884718498659516 0.014173596673596673
1 0.5027721179624665 0.5377079002079002 0.016305630026809653 0.01444906444906445
1 0.5459088471849866 0.5289553014553015 0.019442359249329758 0.015285862785862785
1 0.5318605898123324 0.5381237006237006 0.013715817694369973 0.011392931392931394
1 0.5279946380697051 0.5478482328482328 0.01572117962466488 0.013617463617463616
1 0.5158123324396783 0.5564656964656965 0.017158176943699734 0.015841995841995842
1 0.5042037533512065 0.5700779625779625 0.015158176943699732 0.014173596673596673
1 0.5721340482573727 0.56493762993763 0.01857372654155496 0.01444906444906445
1 0.5696943699731903 0.5759147609147609 0.018284182305630028 0.01694906444906445
1 0.5512117962466488 0.5827234927234928 0.016857908847184987 0.016673596673596674
1 0.5235495978552278 0.5800831600831601 0.017158176943699734 0.01472972972972973
1 0.5198230563002681 0.5941164241164241 0.014863270777479893 0.015005197505197505
1 0.5086487935656836 0.5942567567567567 0.01658981233243968 0.014173596673596673
1 0.5027721179624665 0.6016216216216216 0.01745308310991957 0.013336798336798336
1 0.5152386058981233 0.6164864864864864 0.01773190348525469 0.015285862785862785
1 0.5477694369973191 0.6178742203742204 0.019726541554959787 0.01861746361746362
1 0.5795871313672922 0.6052338877338878 0.018568364611260053 0.018898128898128898
1 0.49632171581769435 0.5870322245322246 0.018884718498659518 0.017505197505197505
1 0.48815549597855223 0.5668866943866944 0.014016085790884718 0.015005197505197505
1 0.4970402144772118 0.5586850311850312 0.015731903485254693 0.011949064449064448
1 0.4726756032171582 0.5577130977130977 0.015742627345844504 0.01444906444906445
1 0.47067024128686324 0.568414760914761 0.018037533512064344 0.017505197505197505
1 0.4643646112600536 0.5439604989604989 0.015174262734584451 0.013061330561330561
1 0.45390348525469165 0.5674428274428275 0.018900804289544236 0.01722972972972973
1 0.4445844504021448 0.5478482328482328 0.018048257372654152 0.014173596673596673
1 0.44544772117962467 0.5377079002079002 0.015179624664879356 0.013892931392931393
1 0.4508900804289544 0.5235343035343035 0.016895442359249332 0.017785862785862784
1 0.4617855227882038 0.47365384615384615 0.018611260053619304 0.019173596673596673
1 0.4464504021447721 0.5070010395010395 0.019474530831099197 0.017505197505197505
1 0.417485254691689 0.5581288981288981 0.019453083109919573 0.018061330561330562
1 0.3938391420911528 0.5529885654885656 0.01802680965147453 0.017785862785862784
1 0.3858123324396783 0.5378482328482328 0.0186058981233244 0.018061330561330562
1 0.3944128686327078 0.5157536382536382 0.01344235924932976 0.016117463617463617
1 0.41003217158176947 0.511029106029106 0.016016085790884718 0.015561330561330562
1 0.4179142091152815 0.5178378378378379 0.014579088471849867 0.012505197505197505
1 0.426798927613941 0.522006237006237 0.015152815013404826 0.013061330561330561
1 0.4227882037533512 0.5293711018711018 0.013431635388739947 0.015005197505197505
1 0.4260804289544236 0.49282744282744284 0.014863270777479893 0.014173596673596673
1 0.417485254691689 0.4883835758835759 0.014868632707774799 0.012505197505197505
1 0.4061608579088472 0.4692099792099792 0.01687935656836461 0.016392931392931392
1 0.392402144772118 0.4851871101871102 0.018032171581769438 0.013336798336798336
1 0.3944128686327078 0.5010239085239085 0.017458445040214477 0.016117463617463617
1 0.3759249329758713 0.5082536382536382 0.016605898123324397 0.01444906444906445
1 0.3618766756032171 0.5086694386694386 0.020048257372654157 0.016392931392931392
1 0.36474530831099194 0.5243659043659044 0.013168900804289544 0.012224532224532224
1 0.35528686327077746 0.5253430353430354 0.016037533512064342 0.015285862785862785
1 0.42550670241286864 0.45183991683991687 0.01773190348525469 0.016117463617463617
1 0.42206970509383374 0.4405873180873181 0.01773190348525469 0.013061330561330561
1 0.4743806970509383 0.3894542619542619 0.01627882037533512 0.015285862785862785
1 0.45044504021447723 0.3937629937629938 0.019442359249329758 0.015561330561330562
1 0.43969436997319034 0.37153326403326403 0.01744235924932976 0.016117463617463617
1 0.5078069705093834 0.29822765072765073 0.015142091152815012 0.01353950103950104
1 0.4984986595174263 0.2899116424116424 0.01612332439678284 0.01449064449064449
1 0.5069544235924933 0.2789864864864865 0.016857908847184987 0.015914760914760916
1 0.4836782841823056 0.3028586278586279 0.01588739946380697 0.012827442827442827
1 0.474 0.31794178794178796 0.016621983914209115 0.014012474012474014
1 0.45427345844504025 0.32055613305613306 0.013935656836461125 0.01449064449064449
1 0.41971581769436994 0.27682432432432436 0.01268632707774799 0.010961538461538462
1 0.4181876675603217 0.29235446985446983 0.01622520107238606 0.015987525987525987
1 0.3999302949061662 0.29726611226611227 0.014107238605898123 0.014844074844074844
1 0.40676139410187667 0.3127962577962578 0.016932975871313673 0.014844074844074844
1 0.3972171581769437 0.3191891891891892 0.015758713136729222 0.013934511434511434
1 0.4021662198391421 0.3271829521829522 0.014815013404825737 0.01301975051975052
1 0.4021662198391421 0.3435135135135135 0.017640750670241286 0.015072765072765074
1 0.43137801608579085 0.26071725571725574 0.014332439678284183 0.013934511434511434
1 0.4536407506702413 0.2559251559251559 0.016916890080428956 0.014386694386694387
1 0.3854423592493298 0.3592723492723493 0.017646112600536192 0.015072765072765074
1 0.38249329758713135 0.3742359667359667 0.017415549597855226 0.01713097713097713
1 0.3961608579088472 0.3709251559251559 0.014584450402144771 0.01553014553014553
1 0.4106487935656837 0.3702390852390853 0.01622520107238606 0.014163201663201664
1 0.4126487935656837 0.3842827442827443 0.017404825737265418 0.016673596673596674
1 0.354343163538874 0.4041580041580042 0.018134048257372654 0.014844074844074844
1 0.3603485254691689 0.41626299376299375 0.016010723860589812 0.013934511434511434
1 0.3803753351206434 0.4237993762993763 0.016943699731903485 0.01575883575883576
1 0.3844986595174263 0.44183991683991686 0.019061662198391418 0.01758835758835759
1 0.37153887399463803 0.4464085239085239 0.021892761394101876 0.018497920997921
1 0.5199195710455764 0.6405509355509356 0.02186058981233244 0.019755717255717255
1 0.5521608579088472 0.6381964656964657 0.02184986595174263 0.017396049896049894
1 0.5758766756032172 0.6496933471933471 0.023662198391420912 0.017983367983367984
1 0.5818123324396782 0.6296413721413722 0.019710455764075065 0.01680873180873181
1 0.5266112600536192 0.6906756756756757 0.016991957104557642 0.01562889812889813
1 0.5182520107238606 0.6853690228690229 0.014868632707774799 0.013856548856548856
1 0.5091260053619303 0.679475051975052 0.0173029490616622 0.01562889812889813
1 0.49483109919571044 0.67254158004158 0.019131367292225202 0.018872141372141372
1 0.4850991957104558 0.6949532224532224 0.020959785522788207 0.020051975051975052
1 0.47369436997319037 0.713970893970894 0.018836461126005365 0.017396049896049894
1 0.46533512064343163 0.7238461538461539 0.018536193029490618 0.01769230769230769
1 0.4844932975871314 0.7217827442827442 0.018525469168900802 0.01769230769230769
1 0.5308739946380697 0.7176559251559251 0.016380697050938337 0.0170997920997921
1 0.5384718498659518 0.7418347193347193 0.018203753351206435 0.01827962577962578
1 0.562804289544236 0.7384407484407485 0.018804289544235925 0.01680873180873181
1 0.5582412868632707 0.766008316008316 0.019415549597855228 0.018872141372141372
1 0.6027935656836462 0.7517099792099792 0.017265415549597856 0.01562889812889813
1 0.6129812332439678 0.7552494802494802 0.0212171581769437 0.01916320166320166
1 0.6557104557640752 0.7537733887733887 0.02150670241286863 0.01857588357588358
1 0.6362466487935656 0.7714656964656964 0.018471849865951743 0.017983367983367984
1 0.5926058981233244 0.7813409563409563 0.020616621983914212 0.018872141372141372
1 0.5866756032171582 0.8167255717255718 0.017882037533512064 0.018872141372141372
1 0.5445576407506703 0.7922505197505197 0.020632707774798927 0.0170997920997921
1 0.5384718498659518 0.803898128898129 0.02124396782841823 0.01857588357588358
1 0.5030455764075067 0.7981496881496882 0.020954423592493297 0.020051975051975052
1 0.511710455764075 0.8209979209979209 0.020648793565683644 0.01916320166320166
1 0.4993941018766756 0.8320582120582121 0.022777479892761392 0.0229989604989605
1 0.5559624664879356 0.8441424116424117 0.020932975871313673 0.01651247401247401
1 0.5770938337801609 0.8376559251559252 0.020621983914209115 0.01651247401247401
1 0.5880428954423593 0.8553482328482329 0.021227882037533514 0.01651247401247401
1 0.600970509383378 0.8958887733887734 0.022745308310991957 0.020343035343035342
1 0.6370080428954423 0.8706808731808732 0.018166219839142093 0.01827962577962578
1 0.6496300268096514 0.8578534303534303 0.019683646112600536 0.017983367983367984
1 0.6620965147453083 0.8892567567567567 0.021501340482573728 0.01827962577962578
1 0.6716782841823057 0.8304365904365905 0.02545308310991957 0.020343035343035342
1 0.6825040214477212 0.7841424116424117 0.020343163538873995 0.019755717255717255
1 0.703029490616622 0.8153950103950104 0.020632707774798927 0.019755717255717255
1 0.7354209115281501 0.824095634095634 0.020316353887399465 0.01827962577962578
1 0.7279678284182306 0.7615852390852391 0.019410187667560322 0.0170997920997921
1 0.7489544235924933 0.7571673596673596 0.01879356568364611 0.01651247401247401
1 0.6838713136729223 0.7403586278586278 0.018820375335120643 0.01591995841995842
1 0.6706434316353888 0.7281237006237007 0.017908847184986594 0.017983367983367984
1 0.6995335120643432 0.7129365904365904 0.019726541554959787 0.01769230769230769
1 0.7223431635388741 0.7094022869022869 0.018498659517426273 0.01651247401247401
1 0.7006005361930294 0.6784407484407484 0.016986595174262733 0.013565488565488566
1 0.7544289544235925 0.7085135135135135 0.020005361930294906 0.01827962577962578
1 0.657260053619303 0.6956912681912681 0.019131367292225202 0.01680873180873181
1 0.6453994638069706 0.7114656964656965 0.019742627345844505 0.01827962577962578
1 0.6216782841823056 0.7155925155925156 0.018536193029490618 0.01651247401247401
1 0.6119463806970509 0.7052702702702703 0.019758713136729222 0.015332640332640333
1 0.6785469168900804 0.6302338877338877 0.02033780160857909 0.01916320166320166
1 0.6960375335120643 0.586891891891892 0.01880965147453083 0.01857588357588358
1 0.7202144772117963 0.5742151767151767 0.019715817694369975 0.01680873180873181
1 0.7247774798927614 0.6233056133056133 0.019715817694369975 0.01827962577962578
1 0.814337801608579 0.6194698544698544 0.019378016085790886 0.02063929313929314
1 0.8272600536193029 0.6390800415800415 0.019678284182305633 0.020343035343035342
1 0.8515924932975871 0.6626663201663202 0.020273458445040214 0.020343035343035342
1 0.841710455764075 0.6785862785862785 0.016932975871313673 0.016216216216216217
1 0.8412493297587131 0.6894958419958419 0.017849865951742625 0.017983367983367984
1 0.8543270777479892 0.7061590436590437 0.017233243967828417 0.01769230769230769
1 0.8372975871313673 0.7220790020790021 0.017238605898123323 0.0170997920997921
1 0.8049115281501341 0.7487629937629937 0.01998927613941019 0.017396049896049894
1 0.7901608579088473 0.7607016632016632 0.01908310991957105 0.01945945945945946
1 0.5869919571045576 0.6795841995841996 0.01959249329758713 0.017292099792099794
1 0.5915174262734585 0.6959979209979209 0.018294906166219836 0.017541580041580043
1 0.5731635388739946 0.7091580041580042 0.021404825737265418 0.0192983367983368
1 0.35308847184986597 0.5919282744282743 0.02894906166219839 0.026522869022869024
1 0.37877211796246646 0.6682536382536383 0.023356568364611262 0.023274428274428275
1 0.3812868632707775 0.6996517671517672 0.026144772117962466 0.022193347193347195
1 0.40724932975871314 0.775431392931393 0.025576407506702415 0.028690228690228692
1 0.4641983914209115 0.7819282744282745 0.025554959785522788 0.022193347193347195
1 0.43739946380697053 0.8041216216216217 0.027801608579088474 0.022193347193347195
1 0.4298605898123325 0.8357900207900207 0.02500804289544236 0.02598232848232848
1 0.4644772117962466 0.908056133056133 0.02611260053619303 0.02111226611226611
1 0.39943163538874 0.8617723492723492 0.01776407506702413 0.019485446985446988
1 0.39635924932975874 0.8468866943866944 0.023908847184986596 0.022193347193347195
1 0.35476675603217156 0.8826143451143451 0.028943699731903482 0.025441787941787943
1 0.3299195710455764 0.8766580041580042 0.025045576407506702 0.026522869022869024
1 0.2911152815013405 0.8349792099792099 0.02450402144772118 0.02436070686070686
1 0.2807882037533512 0.8163045738045738 0.019479892761394103 0.021652806652806653
1 0.2980911528150134 0.8119698544698545 0.023946380697050938 0.02382016632016632
1 0.26012868632707775 0.7968139293139292 0.02172654155495979 0.021652806652806653
1 0.25509919571045575 0.7659615384615385 0.02507774798927614 0.022733887733887737
1 0.22774262734584452 0.7968139293139292 0.020621983914209115 0.019485446985446988
1 0.21769436997319036 0.8106185031185031 0.020621983914209115 0.018944906444906446
1 0.2073672922252011 0.7762474012474012 0.02006970509383378 0.018404365904365904
1 0.19647721179624666 0.7702910602910603 0.020632707774798927 0.022733887733887737
1 0.2132278820375335 0.7072297297297298 0.020621983914209115 0.018944906444906446
1 0.18388739946380697 0.728066528066528 0.02337265415549598 0.020571725571725572
1 0.1495495978552279 0.7372713097713097 0.019474530831099197 0.019485446985446988
1 0.1495495978552279 0.7518866943866944 0.019474530831099197 0.019485446985446988
1 0.1481501340482574 0.7204885654885655 0.025619302949061663 0.022733887733887737
1 0.13977479892761394 0.7047920997920998 0.022273458445040212 0.022733887733887737
1 0.1738337801608579 0.6666268191268191 0.026723860589812333 0.025441787941787943
1 0.10683646112600537 0.70506237006237 0.021168900804289542 0.025441787941787943
1 0.11409651474530831 0.6303586278586278 0.025630026809651475 0.02111226611226611
1 0.09120107238605898 0.6303586278586278 0.025640750670241286 0.023274428274428275
1 0.10487935656836461 0.5783939708939708 0.023962466487935655 0.025441787941787943
1 0.17579088471849869 0.5315696465696466 0.025050938337801608 0.020571725571725572
1 0.20342627345844502 0.5315696465696466 0.022246648793565686 0.022733887733887737
1 0.2386058981233244 0.48014553014553013 0.02446648793565684 0.02382016632016632
1 0.2654048257372654 0.5183108108108109 0.021109919571045577 0.018944906444906446
1 0.26484718498659515 0.5375259875259876 0.019994638069705094 0.018404365904365904
1 0.2774101876675603 0.5483523908523908 0.020546916890080428 0.019485446985446988
1 0.29192493297587135 0.5470010395010395 0.021656836461126004 0.022193347193347195
1 0.3248632707774799 0.5001767151767152 0.024997319034852545 0.02382016632016632
1 0.3092332439678284 0.46931912681912685 0.025002680965147454 0.021652806652806653
1 0.31649329758713135 0.44333679833679834 0.024997319034852545 0.024901247401247398
1 0.32849329758713136 0.41464656964656965 0.025549597855227882 0.022733887733887737
1 0.3139785522788204 0.38974532224532227 0.026675603217158176 0.022733887733887737
1 0.33324396782841825 0.35483367983367986 0.02275603217158177 0.02003118503118503
1 0.3215174262734584 0.35022869022869024 0.023882037533512063 0.018404365904365904
1 0.3410563002680965 0.3277650727650728 0.019404825737265416 0.02003118503118503
1 0.35836461126005364 0.32072765072765075 0.022745308310991957 0.02003118503118503
1 0.3751152815013405 0.32505717255717254 0.02162466487935657 0.018944906444906446
1 0.3608793565683646 0.29934511434511435 0.022187667560321717 0.020571725571725572
1 0.32877211796246647 0.31125779625779626 0.028343163538873995 0.021652806652806653
1 0.30393029490616624 0.31774948024948024 0.027790884718498658 0.022733887733887737
1 0.27517426273458445 0.34535862785862786 0.030595174262734587 0.027063409563409562
1 0.22380697050938336 0.34643970893970893 0.028380697050938337 0.022733887733887737
1 0.23692761394101877 0.4127546777546777 0.020005361930294906 0.017863825363825362
1 0.2614959785522788 0.409506237006237 0.02222520107238606 0.02111226611226611
1 0.2729383378016086 0.42764033264033263 0.02166219839142091 0.020571725571725572
1 0.257029490616622 0.44631496881496885 0.02446648793565684 0.02111226611226611
1 0.21934048257372654 0.4620114345114345 0.023919571045576408 0.022193347193347195
1 0.18891152815013404 0.40354989604989605 0.025603217158176945 0.022193347193347195
1 0.17802144772117962 0.4260135135135135 0.021699731903485255 0.020571725571725572
1 0.164343163538874 0.4279106029106029 0.020032171581769436 0.017863825363825362
1 0.1590402144772118 0.413024948024948 0.025056300268096514 0.020571725571725572
1 0.13502949061662198 0.44143970893970896 0.028418230563002682 0.02111226611226611
1 0.1269383378016086 0.3986798336798337 0.024509383378016086 0.02003118503118503
1 0.08952815013404826 0.40111226611226614 0.024525469168900804 0.024901247401247398
1 0.1392171581769437 0.47825363825363826 0.023388739946380695 0.023274428274428275
1 0.13587131367292227 0.5074844074844075 0.022273458445040212 0.02003118503118503
1 0.12972654155495977 0.5318399168399168 0.023394101876675604 0.02111226611226611
1 0.06942627345844503 0.5077546777546778 0.028997319034852545 0.02598232848232848
1 0.14612868632707773 0.3185446985446985 0.025989276139410187 0.025228690228690228
1 0.22063806970509384 0.26465176715176714 0.024541554959785526 0.024766112266112264
1 0.22536729222520108 0.28574844074844075 0.025485254691689007 0.022016632016632016
1 0.2286809651474531 0.3052442827442827 0.025485254691689007 0.02430873180873181
1 0.3046112600536193 0.25088877338877336 0.024037533512064342 0.022016632016632016
1 0.3315764075067024 0.26785862785862785 0.02307774798927614 0.01926195426195426
1 0.3329973190348525 0.2424064449064449 0.0183485254691689 0.021559251559251556
1 0.29065415549597856 0.17956860706860708 0.024514745308310992 0.021559251559251556
1 0.3282680965147453 0.16695426195426197 0.022134048257372654 0.02385135135135135
1 0.3571260053619303 0.18530145530145528 0.024965147453083113 0.0210966735966736
1 0.33110455764075064 0.19493243243243244 0.02119034852546917 0.017427234927234928
1 0.3701340482573726 0.22451663201663202 0.01786058981233244 0.018804573804573805
1 0.3791206434316354 0.21534303534303534 0.018804289544235925 0.01788981288981289
1 0.39946380697050937 0.2238305613305613 0.02163538873994638 0.018347193347193345
1 0.3944986595174263 0.27084199584199586 0.024005361930294906 0.021559251559251556
1 0.419828418230563 0.19585239085239084 0.02261662198391421 0.020181912681912682
1 0.3838713136729222 0.19975051975051974 0.023576407506702413 0.019724532224532226
1 0.37582841823056296 0.11787941787941789 0.024520107238605895 0.018347193347193345
1 0.3443699731903485 0.133014553014553 0.022171581769437 0.0210966735966736
1 0.39073458445040216 0.1609927234927235 0.025935656836461124 0.022016632016632016
1 0.4221930294906166 0.14883575883575884 0.019774798927613944 0.019724532224532226
1 0.4647721179624665 0.15755197505197505 0.023544235924932974 0.019724532224532226
1 0.48960857908847183 0.1119126819126819 0.024954423592493297 0.02385135135135135
1 0.44632171581769436 0.10503638253638253 0.023549597855227884 0.01926195426195426
1 0.46902949061662197 0.23713097713097714 0.023544235924932974 0.022016632016632016
1 0.5035656836461125 0.24676195426195424 0.02258445040214477 0.022016632016632016
1 0.6919356568364612 0.16534823284823286 0.024568364611260055 0.018804573804573805
1 0.7165361930294906 0.22313929313929315 0.022664879356568367 0.018804573804573805
1 0.790573726541555 0.2034199584199584 0.028788203753351206 0.023393970893970894
1 0.7976675603217158 0.23896569646569646 0.026890080428954424 0.024766112266112264
1 0.7550884718498659 0.28459979209979214 0.028798927613941018 0.02430873180873181
1 0.7995603217158177 0.29836278586278586 0.023104557640750673 0.027063409563409562
1 0.8255817694369973 0.2786382536382537 0.01931367292225201 0.019724532224532226
1 0.8388257372654155 0.26809251559251557 0.017415549597855226 0.021559251559251556
1 0.8109168900804289 0.3229002079002079 0.020262734584450402 0.01926195426195426
1 0.8383538873994638 0.31670997920997923 0.019308310991957102 0.019724532224532226
1 0.8497104557640751 0.332993762993763 0.018359249329758714 0.01926195426195426
1 0.8577533512064344 0.31258316008316006 0.01646112600536193 0.018804573804573805
1 0.8728900804289544 0.316018711018711 0.019292225201072384 0.018347193347193345
1 0.8866112600536193 0.35156964656964657 0.021179624664879357 0.021559251559251556
1 0.8773833780160858 0.37335239085239086 0.018820375335120643 0.015592515592515593
1 0.9076621983914209 0.40247920997921 0.01975335120643432 0.022474012474012477
1 0.885426273458445 0.42518191268191263 0.018815013404825737 0.017427234927234928
1 0.8456890080428955 0.3983523908523908 0.023560321715817692 0.01788981288981289
1 0.8286541554959785 0.388487525987526 0.028300268096514748 0.025686070686070688
1 0.7704664879356569 0.40385654885654887 0.024536193029490616 0.021559251559251556
1 0.6959571045576408 0.413487525987526 0.028820375335120642 0.02430873180873181
1 0.7125147453083109 0.4458212058212058 0.025029490616621984 0.022016632016632016
1 0.768573726541555 0.4352754677754678 0.026428954423592492 0.02293139293139293
1 0.8390616621983914 0.43274948024948023 0.020729222520107237 0.02063929313929314
1 0.8601179624664879 0.4199064449064449 0.017404825737265418 0.018804573804573805
1 0.8657962466487936 0.4322920997920998 0.017404825737265418 0.01696985446985447
1 0.8809329758713137 0.4377962577962578 0.016455764075067023 0.01696985446985447
1 0.8693404825737265 0.47632536382536383 0.022605898123324395 0.023393970893970894
1 0.8873190348525468 0.4910031185031185 0.02260053619302949 0.021559251559251556
1 0.9123914209115281 0.4793035343035343 0.01975335120643432 0.018347193347193345
1 0.8009812332439677 0.5088877338877339 0.023104557640750673 0.018804573804573805
1 0.8120965147453083 0.5421413721413721 0.021683646112600534 0.0210966735966736
1 0.868396782841823 0.5458108108108108 0.022605898123324395 0.024766112266112264
1 0.8414316353887399 0.5728742203742204 0.024509383378016086 0.0210966735966736
1 0.8504182305630027 0.5937422037422037 0.021667560321715816 0.022474012474012477
1 0.8759624664879357 0.6093399168399167 0.021656836461126004 0.023393970893970894
1 0.7451581769436998 0.535493762993763 0.025967828418230563 0.02614345114345114
1 0.7491796246648794 0.49375259875259875 0.023597855227882037 0.019724532224532226
1 0.6945361930294905 0.5065956340956341 0.022198391420911526 0.023393970893970894
1 0.6765201072386059 0.5438461538461538 0.019286863270777478 0.017687110187110187
1 0.6699356568364612 0.5563617463617464 0.017479892761394104 0.015592515592515593
1 0.48058445040214476 0.3620893970893971 0.01567828418230563 0.015587318087318086
1 0.465313672922252 0.29073284823284823 0.01468632707774799 0.014942827442827444
1 0.4567399463806971 0.2973284823284823 0.013265415549597854 0.0125
1 0.46789276139410185 0.30054573804573803 0.015973190348525467 0.014563409563409563
1 0.4371260053619303 0.30252079002079 0.015029490616621984 0.01286902286902287
1 0.4371474530831099 0.31240124740124736 0.013715817694369973 0.012422037422037421
1 0.42804289544235924 0.3158264033264033 0.009093833780160859 0.010488565488565488
1 0.4325040214477212 0.3198232848232848 0.011222520107238607 0.010576923076923078
1 0.5505630026809651 0.29147609147609144 0.01546916890080429 0.01340956340956341
1 0.38678284182305633 0.14334199584199586 0.017672922252010725 0.015446985446985447
1 0.4033512064343164 0.18275987525987525 0.015635388739946382 0.014402286902286903
1 0.6671206434316355 0.5470738045738045 0.011983914209115282 0.0124012474012474
1 0.7570884718498659 0.8100779625779625 0.01619302949061662 0.01586278586278586
1 0.7513083109919572 0.8183419958419959 0.016552278820375337 0.015046777546777546
1 0.739195710455764 0.6122817047817047 0.01653083109919571 0.014043659043659043
1 0.74228418230563 0.6251507276507277 0.017415549597855226 0.016372141372141373
1 0.8019356568364611 0.579568607068607 0.016160857908847186 0.014864864864864866
1 0.8118605898123323 0.5845893970893971 0.01633780160857909 0.016917879417879415
1 0.6579142091152815 0.5962110187110187 0.018938337801608578 0.014454261954261954
1 0.6593887399463807 0.6087422037422038 0.0183485254691689 0.01382016632016632
1 0.5396353887399463 0.6714760914760916 0.015694369973190347 0.016502079002079003
1 0.5306219839142091 0.6760706860706861 0.014166219839142092 0.016902286902286904
1 0.5116246648793565 0.7025363825363826 0.019882037533512063 0.015566528066528066
1 0.5102091152815014 0.7147245322245322 0.017528150134048254 0.01333160083160083
1 0.22335656836461126 0.7631548856548857 0.013490616621983914 0.016153846153846154
1 0.21428418230563 0.7628014553014554 0.014680965147453083 0.01377858627858628
1 0.11384450402144772 0.6511486486486486 0.019914209115281502 0.017474012474012472
1 0.10493833780160858 0.6608108108108108 0.01844504021447721 0.016200623700623702
1 0.15691689008042894 0.5480301455301456 0.020391420911528152 0.017713097713097713
1 0.14539410187667562 0.5543243243243243 0.017619302949061662 0.018737006237006235
1 0.2004396782841823 0.5062474012474012 0.017361930294906167 0.019246361746361747
1 0.18503485254691687 0.507079002079002 0.015158176943699732 0.018534303534303534
1 0.29284182305630024 0.43717775467775466 0.014707774798927613 0.01854989604989605
1 0.2798123324396783 0.4412058212058212 0.01589812332439678 0.017801455301455302
1 0.23036997319034852 0.38844594594594595 0.01649329758713137 0.01307172557172557
1 0.23344235924932977 0.4006029106029106 0.019533512064343162 0.010899168399168399
1 0.1147774798927614 0.4661954261954262 0.014514745308310992 0.017687110187110187
1 0.10309919571045577 0.4693866943866944 0.014268096514745308 0.016361746361746362
1 0.36589812332439675 0.5457848232848233 0.017136729222520106 0.013544698544698544
1 0.36110455764075067 0.5358575883575883 0.01698123324396783 0.010623700623700624
1 0.4500375335120644 0.49283783783783786 0.013801608579088472 0.015462577962577963
1 0.4402627345844504 0.4951975051975052 0.010675603217158177 0.011975051975051975
1 0.5200375335120644 0.5253014553014552 0.01448793565683646 0.011595634095634095
1 0.5179731903485255 0.5334095634095634 0.01353887399463807 0.009948024948024948
1 0.5609276139410189 0.48306652806652806 0.014702412868632709 0.01903326403326403
1 0.5494906166219838 0.4810135135135135 0.012589812332439679 0.014516632016632017
1 0.6446166219839142 0.43442307692307697 0.015227882037533511 0.012624740124740125
1 0.6406970509383378 0.42426195426195423 0.018831099195710455 0.013451143451143451
1 0.4585361930294906 0.41562370062370063 0.017528150134048254 0.016491683991683992
1 0.4669597855227882 0.4217931392931393 0.019345844504021447 0.015795218295218294
1 0.46537265415549595 0.3451611226611227 0.01788739946380697 0.014303534303534303
1 0.47118498659517427 0.35493762993762995 0.016788203753351206 0.012593555093555094
1 0.5823485254691688 0.18568087318087317 0.018107238605898125 0.01436070686070686
1 0.5875764075067024 0.19439708939708938 0.016713136729222523 0.013643451143451144
1 0.5936085790884719 0.22317047817047816 0.014005361930294906 0.01418918918918919
1 0.5835924932975872 0.22675155925155924 0.012986595174262735 0.01496881496881497
1 0.6027828418230563 0.2465176715176715 0.01261662198391421 0.017645530145530147
1 0.5936085790884719 0.24652286902286902 0.011962466487935657 0.014812889812889814
1 0.5862198391420911 0.26703742203742203 0.01825201072386059 0.014017671517671517
1 0.5901715817694371 0.27848232848232846 0.015908847184986596 0.013513513513513514
1 0.5565308310991958 0.24850311850311851 0.015919571045576408 0.014527027027027026
1 0.5513404825737266 0.2567255717255717 0.012847184986595175 0.011117463617463618
1 0.555142091152815 0.2696257796257796 0.015479892761394103 0.011673596673596675
1 0.5555817694369973 0.2797193347193347 0.014016085790884718 0.012448024948024947
1 0.5705361930294905 0.28829521829521826 0.01627882037533512 0.013435550935550936
1 0.5722895442359249 0.2972972972972973 0.014525469168900804 0.01357068607068607
1 0.5836246648793566 0.30352910602910604 0.012327077747989275 0.01398128898128898
1 0.5951045576407507 0.3039189189189189 0.013351206434316353 0.015472972972972973
1 0.5816139410187667 0.3147245322245322 0.0163485254691689 0.01369022869022869
1 0.5895871313672922 0.3197193347193347 0.01473994638069705 0.01475051975051975
1 0.5068418230563002 0.3162110187110187 0.018455764075067025 0.016034303534303535
1 0.4964718498659517 0.3080197505197505 0.016402144772117964 0.013232848232848234
1 0.3854155495978552 0.2562681912681913 0.018273458445040212 0.016335758835758836
1 0.3810080428954424 0.2448856548856549 0.01602680965147453 0.014667359667359667
1 0.40745844504021445 0.13382536382536384 0.015088471849865953 0.015997920997920998
1 0.40048257372654156 0.14105509355509355 0.015168900804289544 0.014703742203742202
1 0.393544235924933 0.1830873180873181 0.013099195710455765 0.013601871101871103
1 0.3833190348525469 0.17983367983367984 0.014064343163538873 0.014677754677754676
1 0.35359785522788206 0.21360706860706863 0.017388739946380696 0.013794178794178795
1 0.35396782841823055 0.22616424116424116 0.01665415549597855 0.013856548856548856
1 0.3395335120643432 0.2154989604989605 0.013040214477211796 0.016294178794178795
1 0.3274638069705094 0.2114968814968815 0.014150134048257374 0.015436590436590436