0 0.2991898148148148 0.5164609053497943 0.01890432098765432 0.023662551440329218
0 0.41107253086419754 0.5280349794238683 0.022762345679012346 0.030349794238683128
0 0.3454861111111111 0.5504115226337448 0.021219135802469136 0.026748971193415638
0 0.4710648148148148 0.5938786008230452 0.020061728395061727 0.026234567901234566
0 0.7696759259259259 0.6201131687242798 0.020061728395061727 0.026234567901234566
0 0.6759259259259259 0.6208847736625515 0.023148148148148147 0.027777777777777776
0 0.2706404320987654 0.6903292181069959 0.022762345679012346 0.03189300411522634
0 0.3549382716049383 0.7543724279835391 0.016975308641975308 0.02109053497942387
0 0.4072145061728395 0.7613168724279835 0.015046296296296295 0.01954732510288066
0 0.49228395061728397 0.7906378600823045 0.02507716049382716 0.0360082304526749
0 0.5731095679012346 0.7983539094650206 0.01273148148148148 0.018518518518518517
0 0.6163194444444444 0.8153292181069959 0.01890432098765432 0.023662551440329218
0 0.5462962962962963 0.13863168724279834 0.027777777777777776 0.03189300411522634
0 0.34780092592592593 0.18801440329218108 0.018132716049382717 0.026234567901234566
0 0.2837577160493827 0.23431069958847736 0.018132716049382717 0.022119341563786008
0 0.533179012345679 0.2700617283950617 0.017746913580246913 0.02880658436213992
0 0.28433641975308643 0.2888374485596708 0.020061728395061727 0.030349794238683128
0 0.5254629629629629 0.330761316872428 0.014660493827160493 0.01954732510288066
0 0.5597993827160493 0.3446502057613169 0.014660493827160493 0.02263374485596708
0 0.47781635802469136 0.3670267489711934 0.021219135802469136 0.029320987654320986
0 0.33352623456790126 0.37088477366255146 0.015817901234567902 0.02263374485596708
0 0.658179012345679 0.3991769547325103 0.009259259259259259 0.01131687242798354
0 0.5100308641975309 0.40689300411522633 0.020061728395061727 0.023662551440329218
0 0.42901234567901236 0.4279835390946502 0.020061728395061727 0.02263374485596708