0 0.4880401234567901 0.5306069958847737 0.011574074074074073 0.01800411522633745
0 0.408179012345679 0.5712448559670782 0.010802469135802469 0.016975308641975308
0 0.26697530864197533 0.5738168724279835 0.011574074074074073 0.016975308641975308
0 0.6344521604938271 0.5820473251028807 0.011959876543209876 0.020061728395061727
0 0.3296682098765432 0.6100823045267489 0.013503086419753086 0.020061728395061727
0 0.6194058641975309 0.6108539094650206 0.013503086419753086 0.01800411522633745
0 0.5306712962962963 0.6118827160493827 0.01427469135802469 0.020061728395061727
0 0.6404320987654321 0.668724279835391 0.014660493827160493 0.01954732510288066
0 0.4866898148148148 0.7330246913580247 0.015432098765432098 0.01954732510288066
0 0.5412808641975309 0.09156378600823045 0.011574074074074073 0.01646090534979424
0 0.5951003086419753 0.11085390946502058 0.01427469135802469 0.020061728395061727
0 0.5653935185185185 0.1301440329218107 0.01273148148148148 0.018518518518518517
0 0.7173996913580247 0.14454732510288065 0.011959876543209876 0.01646090534979424
0 0.6286651234567902 0.16872427983539096 0.011188271604938271 0.015432098765432098
0 0.5540123456790124 0.18364197530864199 0.010802469135802469 0.01440329218106996
0 0.4347993827160494 0.2088477366255144 0.015432098765432098 0.018518518518518517
0 0.589891975308642 0.275977366255144 0.010030864197530864 0.01594650205761317
0 0.6595293209876543 0.2960390946502058 0.008873456790123456 0.016975308641975308
0 0.6797839506172839 0.29912551440329216 0.010802469135802469 0.014917695473251029
0 0.5138888888888888 0.3096707818930041 0.013117283950617283 0.018518518518518517
0 0.5374228395061729 0.33101851851851855 0.010030864197530864 0.016975308641975308
0 0.40316358024691357 0.36213991769547327 0.014660493827160493 0.01646090534979424
0 0.3441358024691358 0.36934156378600824 0.012345679012345678 0.015432098765432098
0 0.32021604938271603 0.3942901234567901 0.011574074074074073 0.014917695473251029
0 0.3275462962962963 0.42489711934156377 0.010802469135802469 0.015432098765432098
0 0.3557098765432099 0.42926954732510286 0.010802469135802469 0.01594650205761317
0 0.3449074074074074 0.4470164609053498 0.012345679012345678 0.01440329218106996
0 0.7087191358024691 0.47710905349794236 0.009259259259259259 0.013888888888888888
0 0.44772376543209874 0.47968106995884774 0.01273148148148148 0.016975308641975308
0 0.7037037037037037 0.4974279835390947 0.015432098765432098 0.0205761316872428
0 0.5621797839506173 0.17512860082304527 0.010428240740740741 0.013801440329218106
0 0.5653356481481481 0.17962448559670782 0.009274691358024691 0.011496913580246914