1 0.5898848770277342 0.07927145169994602 0.02413919413919414 0.025941716135995684
1 0.5167608581894296 0.14652995143011333 0.022302459445316586 0.02209929843497032
1 0.5279434850863423 0.17079330814894766 0.021365777080062792 0.02161899622234215
1 0.5994139194139194 0.3835024284943335 0.027027734170591313 0.0258553696708041
1 0.6269126111983254 0.3443604964921749 0.020753532182103608 0.01939017808958446
1 0.6979330193615908 0.2926551538046411 0.02768707482993197 0.02800863464651916
1 0.7602459445316587 0.27865083648138156 0.026970172684458397 0.027290879654614138
1 0.7863526949241235 0.3824230976794388 0.02208791208791209 0.022261198057204532
1 0.7842647828362114 0.40324878575283324 0.020695970695970695 0.025137614678899082
1 0.7745159602302459 0.42228278467350244 0.026268969126111985 0.0258553696708041
1 0.6537205651491366 0.4761467889908257 0.02840397697540555 0.0258553696708041
1 0.6168184196755625 0.4865569347004857 0.021454735740450027 0.020825688073394497
1 0.5590319204604919 0.3551322180248246 0.02704343275771847 0.02657312466270912
1 0.5252642595499738 0.3569293038316244 0.027755102040816326 0.028726389638424176
1 0.49776033490319205 0.37380464112250406 0.021496598639455782 0.023702104695089047
1 0.5015907901622187 0.46106314085267136 0.02497645211930926 0.024419859686994064
1 0.547891156462585 0.4865569347004857 0.02148090005232862 0.023702104695089047
1 0.6293511250654108 0.5555045871559633 0.025625327053898483 0.02657312466270912
1 0.7233437990580848 0.5332379924446843 0.025588697017268444 0.023702104695089047
1 0.4695656724228153 0.24740960604425255 0.0249869178440607 0.023702104695089047
1 0.41317111459968603 0.2714678899082569 0.0250130821559393 0.0258553696708041
1 0.4438042909471481 0.36159740960604425 0.029178440607012034 0.032315164597949274
1 0.4107326007326007 0.38098758769562874 0.027100994243851387 0.02800863464651916
1 0.38218733647305075 0.3666270912034539 0.025719518576661434 0.025137614678899082
1 0.38288330716902147 0.41797625472207234 0.025719518576661434 0.028726389638424176
1 0.40551020408163263 0.41509983810037776 0.026405023547880692 0.02297895304910955
1 0.4445002616431188 0.4359255261737722 0.02499738356881214 0.0258553696708041
1 0.4284877027734171 0.4441878035617917 0.023610675039246465 0.023702104695089047
1 0.4117791732077446 0.4621424716675661 0.022223966509680795 0.022261198057204532
1 0.4250026164311878 0.4775822989746357 0.02639979068550497 0.0258553696708041
1 0.4542490842490843 0.4923043712898003 0.022208267922553634 0.022261198057204532
1 0.4382365253793825 0.13322180248246088 0.019429618001046575 0.020825688073394497
1 0.4239612768184197 0.10090124123043713 0.025703819989534273 0.025137614678899082
1 0.3104761904761905 0.13717215326497573 0.020172684458398742 0.0258553696708041
1 0.29063317634746205 0.33143550998381005 0.02366300366300366 0.022261198057204532
1 0.31847723704866565 0.4190501888828926 0.0278283621140764 0.025137614678899082
1 0.3299686028257457 0.4750674581759309 0.027127158555729985 0.029444144630329197
1 0.3787074829931973 0.5759686994063681 0.022935635792778648 0.0258553696708041
1 0.4037676609105181 0.5903345925526174 0.020141287284144428 0.021543443065299515
1 0.35329147043432757 0.5903345925526174 0.02781789638932496 0.0258553696708041
1 0.3052485609628467 0.6072099298434971 0.02923076923076923 0.029444144630329197
1 0.3522448979591837 0.6391689152725311 0.025729984301412875 0.024419859686994064
1 0.4044688644688645 0.6660982191041555 0.027100994243851387 0.025137614678899082
1 0.4438042909471481 0.7052401511063141 0.030570381998953428 0.033038316243928764
1 0.47026164311878593 0.6614301133297357 0.0249869178440607 0.030161899622234215
1 0.5322239665096808 0.6183432271991365 0.026357927786499213 0.027290879654614138
1 0.5332705389848247 0.6829789530491095 0.024270015698587128 0.028726389638424176
1 0.5691261119832548 0.6761575822989747 0.02773417059131345 0.030879654614139232
1 0.6307430664573521 0.6793847814355101 0.027017268445839876 0.027290879654614138
1 0.6467556253270539 0.6959039395574743 0.02422815279958137 0.0258553696708041
1 0.601156462585034 0.7289422558014031 0.024939822082679225 0.028726389638424176
1 0.7017634746206174 0.6700485698866702 0.0228152799581371 0.024419859686994064
1 0.7017582417582418 0.7325310307609283 0.026991104133961275 0.028726389638424176
1 0.7393563579277865 0.6614301133297357 0.02836734693877551 0.027290879654614138
1 0.7581580324437467 0.6797463572584997 0.025578231292517007 0.02800863464651916
1 0.6544165358451073 0.8036319481921209 0.025614861329147046 0.028726389638424176
1 0.6129879644165359 0.8068591473286562 0.024934589220303505 0.025137614678899082
1 0.6098587127158556 0.8434862385321101 0.022846677132391417 0.02657312466270912
1 0.5151700680272109 0.8226605504587157 0.02427524856096285 0.022261198057204532
1 0.47826792255363687 0.8955531570426336 0.02707482993197279 0.024419859686994064
1 0.8211669283097854 0.7605396654074473 0.024856096284667714 0.0258553696708041
1 0.8733856619570906 0.607927684835402 0.030408163265306123 0.030879654614139232
1 0.8490162218733648 0.5580140313005937 0.02763474620617478 0.030161899622234215
1 0.18445839874411302 0.37972477064220184 0.024589220303506017 0.024020507285483
1 0.15714285714285714 0.4737290879654614 0.021920460491889063 0.0217107393416082
1 0.17214547357404503 0.5289314624932542 0.02325484039769754 0.027717215326497572
1 0.2652851909994767 0.5869077172153265 0.024092098377812662 0.022633567188343227
1 0.27558869701726846 0.6991581219643821 0.02229722658294087 0.022633567188343227
1 0.8944374672946102 0.321538046411225 0.024285714285714285 0.0272369131138694
1 0.7972213500784929 0.3428116567728009 0.015039246467817896 0.02051807879114949
1 0.7826896912611199 0.34434430652995146 0.017655677655677656 0.021667566109012413
1 0.6094819466248038 0.44066918510523473 0.021554160125588695 0.026940097139773342
1 0.5901988487702773 0.43605504587155963 0.019508110936682366 0.025407447382622773
1 0.5779958137100994 0.5155855369670804 0.024913657770800627 0.02419859686994064
1 0.5758974358974359 0.5365245547760388 0.023516483516483517 0.023416082029141933
1 0.28088435374149656 0.45073394495412844 0.020340136054421767 0.019320021586616297
1 0.29287284144427 0.46075013491635186 0.02127158555729984 0.022655153804641122
1 0.2233490319204605 0.18429573664328117 0.02107796964939822 0.016842957366432813
1 0.22936159079016222 0.1713653534808419 0.01922030350601779 0.015790609821910415
1 0.4555311355311355 0.1481813275769023 0.018728414442700157 0.01409066378845116
1 0.45322867608581896 0.16001618996222342 0.0271847200418629 0.02017808958445764