0 0.8119212962962963 0.5177469135802469 0.019290123456790122 0.026234567901234566
0 0.6390817901234568 0.5491255144032922 0.016589506172839507 0.02417695473251029
0 0.8206018518518519 0.5581275720164609 0.020061728395061727 0.027777777777777776
0 0.41377314814814814 0.5650720164609053 0.018132716049382717 0.02726337448559671
0 0.47010030864197533 0.5699588477366255 0.017361111111111112 0.027777777777777776
0 0.4519675925925926 0.5823045267489712 0.017361111111111112 0.023662551440329218
0 0.7052469135802469 0.6239711934156379 0.016203703703703703 0.0257201646090535
0 0.6398533950617284 0.6401748971193416 0.01890432098765432 0.020061728395061727
0 0.6140046296296297 0.6782407407407407 0.016589506172839507 0.023148148148148147
0 0.4965277777777778 0.6792695473251029 0.015432098765432098 0.023148148148148147
0 0.6466049382716049 0.7083333333333334 0.020833333333333332 0.027777777777777776
0 0.6219135802469136 0.7453703703703703 0.013888888888888888 0.021604938271604937
0 0.47820216049382713 0.7620884773662552 0.018132716049382717 0.029320987654320986
0 0.6410108024691358 0.7633744855967078 0.015046296296296295 0.023662551440329218
0 0.6521990740740741 0.8526234567901234 0.021219135802469136 0.029320987654320986
0 0.5229552469135802 0.8551954732510288 0.017361111111111112 0.02417695473251029
0 0.6356095679012346 0.1383744855967078 0.019675925925925927 0.02880658436213992
0 0.5046296296296297 0.1779835390946502 0.022376543209876542 0.03292181069958848
0 0.43016975308641975 0.2463991769547325 0.021604938271604937 0.029835390946502057
0 0.5030864197530864 0.2515432098765432 0.019290123456790122 0.030864197530864196
0 0.7359182098765432 0.3004115226337449 0.011959876543209876 0.01954732510288066
0 0.7783564814814815 0.3081275720164609 0.01890432098765432 0.02880658436213992
0 0.527391975308642 0.3292181069958848 0.019290123456790122 0.027777777777777776
0 0.6188271604938271 0.32947530864197533 0.014660493827160493 0.01903292181069959
0 0.7347608024691358 0.33050411522633744 0.015046296296296295 0.022119341563786008
0 0.6097608024691358 0.3351337448559671 0.015046296296296295 0.021604938271604937
0 0.4498456790123457 0.36651234567901236 0.013117283950617283 0.02109053497942387
0 0.7571373456790124 0.3683127572016461 0.017361111111111112 0.021604938271604937
0 0.2822145061728395 0.3706275720164609 0.017361111111111112 0.022119341563786008
0 0.38483796296296297 0.39891975308641975 0.02044753086419753 0.02880658436213992
0 0.4243827160493827 0.40766460905349794 0.019290123456790122 0.02417695473251029
0 0.7228009259259259 0.4112654320987654 0.01890432098765432 0.02417695473251029
0 0.8223379629629629 0.4176954732510288 0.02353395061728395 0.027777777777777776
0 0.6903935185185185 0.41898148148148145 0.016589506172839507 0.020061728395061727
0 0.6990740740740741 0.4349279835390947 0.015432098765432098 0.02109053497942387
0 0.7297453703703703 0.44058641975308643 0.018132716049382717 0.020061728395061727
0 0.48225308641975306 0.4441872427983539 0.017746913580246913 0.02726337448559671
0 0.41261574074074076 0.4444444444444444 0.01890432098765432 0.021604938271604937
0 0.767554012345679 0.4567901234567901 0.019290123456790122 0.022119341563786008
0 0.5553626543209876 0.45961934156378603 0.015046296296296295 0.022119341563786008
0 0.2534722222222222 0.463477366255144 0.017746913580246913 0.0257201646090535
0 0.5 0.48713991769547327 0.013888888888888888 0.023662551440329218
0 0.7025462962962963 0.5041152263374485 0.022376543209876542 0.02880658436213992
0 0.47530864197530864 0.5048868312757202 0.015432098765432098 0.02417695473251029
0 0.5895061728395061 0.5061728395061729 0.017746913580246913 0.026748971193415638
0 0.6867978395061729 0.35967078189300417 0.015270061728395061 0.018343621399176953
0 0.6903742283950618 0.36819444444444444 0.011875 0.014650205761316872