0 0.4236111111111111 0.5570987654320988 0.024691358024691357 0.0360082304526749
0 0.5628858024691358 0.5843621399176955 0.022376543209876542 0.03292181069958848
0 0.5098379629629629 0.6347736625514403 0.017361111111111112 0.0257201646090535
0 0.39351851851851855 0.7116769547325102 0.023919753086419752 0.032407407407407406
0 0.5129243827160493 0.08616255144032922 0.02353395061728395 0.03137860082304527
0 0.5652006172839507 0.10931069958847736 0.024691358024691357 0.03446502057613169
0 0.597608024691358 0.16898148148148148 0.024691358024691357 0.03137860082304527
0 0.36496913580246915 0.17849794238683128 0.016975308641975308 0.023662551440329218
0 0.38136574074074076 0.1800411522633745 0.01890432098765432 0.026748971193415638
0 0.7033179012345679 0.19855967078189302 0.027777777777777776 0.0360082304526749
0 0.7555941358024691 0.31198559670781895 0.018132716049382717 0.02417695473251029
0 0.33217592592592593 0.345679012345679 0.019290123456790122 0.0257201646090535
0 0.7922453703703703 0.34850823045267487 0.015046296296296295 0.02417695473251029
0 0.2970679012345679 0.35648148148148145 0.021604938271604937 0.030864197530864196
0 0.3065200617283951 0.38040123456790126 0.02044753086419753 0.028292181069958847
0 0.3184799382716049 0.3966049382716049 0.013503086419753086 0.0205761316872428
0 0.25308641975308643 0.4097222222222222 0.023148148148148147 0.03137860082304527
0 0.5027006172839507 0.42335390946502055 0.023919753086419752 0.0360082304526749
0 0.32677469135802467 0.46039094650205764 0.022762345679012346 0.029835390946502057
0 0.8400848765432098 0.47093621399176955 0.021219135802469136 0.02726337448559671