0 0.5812114197530864 0.540380658436214 0.019675925925925927 0.02726337448559671
0 0.6506558641975309 0.5537551440329218 0.02199074074074074 0.03755144032921811
0 0.609375 0.6183127572016461 0.016589506172839507 0.0257201646090535
0 0.5111882716049383 0.6550925925925926 0.020833333333333332 0.02726337448559671
0 0.7106481481481481 0.6635802469135802 0.024691358024691357 0.033950617283950615
0 0.7465277777777778 0.6882716049382716 0.020833333333333332 0.040123456790123455
0 0.6969521604938271 0.7518004115226338 0.019675925925925927 0.023148148148148147
0 0.5445601851851852 0.15406378600823045 0.019675925925925927 0.03343621399176955
0 0.7075617283950617 0.31712962962962965 0.020061728395061727 0.02726337448559671
0 0.6819058641975309 0.3505658436213992 0.01890432098765432 0.02726337448559671
0 0.36728395061728397 0.35699588477366256 0.017746913580246913 0.0257201646090535
0 0.7746913580246914 0.4050925925925926 0.021604938271604937 0.023148148148148147
0 0.5827546296296297 0.4130658436213992 0.019675925925925927 0.024691358024691357