0 0.2505787037037037 0.5180041152263375 0.015046296296296295 0.018518518518518517
0 0.7426697530864198 0.5501543209876543 0.017746913580246913 0.02726337448559671
0 0.6502700617283951 0.5555555555555556 0.01273148148148148 0.01954732510288066
0 0.41280864197530864 0.5583847736625515 0.013888888888888888 0.02109053497942387
0 0.22530864197530864 0.5763888888888888 0.016203703703703703 0.022119341563786008
0 0.5979938271604939 0.585133744855967 0.013888888888888888 0.01800411522633745
0 0.5628858024691358 0.5856481481481481 0.010802469135802469 0.016975308641975308
0 0.2804783950617284 0.5882201646090535 0.013888888888888888 0.01903292181069959
0 0.2980324074074074 0.6278292181069959 0.011959876543209876 0.01594650205761317
0 0.30671296296296297 0.6293724279835391 0.011574074074074073 0.014917695473251029
0 0.4893904320987654 0.6489197530864198 0.01427469135802469 0.02109053497942387
0 0.2660108024691358 0.6538065843621399 0.01427469135802469 0.024691358024691357
0 0.24189814814814814 0.6787551440329218 0.013117283950617283 0.016975308641975308
0 0.3786651234567901 0.684156378600823 0.013503086419753086 0.01954732510288066
0 0.373070987654321 0.7049897119341564 0.013888888888888888 0.01903292181069959
0 0.5804398148148148 0.14068930041152264 0.015046296296296295 0.02109053497942387
0 0.5518904320987654 0.21450617283950618 0.015046296296296295 0.026748971193415638
0 0.6672453703703703 0.24305555555555555 0.015817901234567902 0.02417695473251029
0 0.3090277777777778 0.3220164609053498 0.016975308641975308 0.021604938271604937
0 0.4112654320987654 0.37114197530864196 0.016203703703703703 0.023148148148148147
0 0.2991898148148148 0.3793724279835391 0.016589506172839507 0.023148148148148147
0 0.26871141975308643 0.39351851851851855 0.01427469135802469 0.01954732510288066
0 0.4841820987654321 0.40406378600823045 0.013888888888888888 0.01903292181069959
0 0.2586805555555556 0.41898148148148145 0.011959876543209876 0.016975308641975308
0 0.3869598765432099 0.4261831275720165 0.013117283950617283 0.016975308641975308
0 0.7102623456790124 0.43955761316872427 0.013117283950617283 0.02109053497942387
0 0.25925925925925924 0.46733539094650206 0.011574074074074073 0.01800411522633745
0 0.33275462962962965 0.4742798353909465 0.015046296296296295 0.01954732510288066
0 0.5185185185185185 0.4827674897119342 0.016203703703703703 0.022119341563786008
0 0.3732638888888889 0.4881687242798354 0.013503086419753086 0.018518518518518517