0 0.6815200617283951 0.5941358024691358 0.015432098765432098 0.020061728395061727
0 0.6631944444444444 0.6376028806584362 0.020061728395061727 0.02726337448559671
0 0.373070987654321 0.6646090534979424 0.019290123456790122 0.02263374485596708
0 0.4834104938271605 0.6712962962962963 0.017746913580246913 0.0205761316872428
0 0.6072530864197531 0.676440329218107 0.016203703703703703 0.024691358024691357
0 0.5706018518518519 0.6862139917695473 0.016203703703703703 0.0205761316872428
0 0.5246913580246914 0.7754629629629629 0.017746913580246913 0.028292181069958847
0 0.5549768518518519 0.12139917695473251 0.021219135802469136 0.029835390946502057
0 0.5115740740740741 0.14171810699588477 0.020061728395061727 0.025205761316872428
0 0.42939814814814814 0.1610082304526749 0.017746913580246913 0.024691358024691357
0 0.7077546296296297 0.1823559670781893 0.01427469135802469 0.022119341563786008
0 0.6014660493827161 0.20164609053497942 0.016975308641975308 0.0257201646090535
0 0.6847993827160493 0.22505144032921812 0.017746913580246913 0.022119341563786008
0 0.5262345679012346 0.25540123456790126 0.017746913580246913 0.026234567901234566
0 0.7847222222222222 0.2713477366255144 0.017746913580246913 0.025205761316872428
0 0.44058641975308643 0.27983539094650206 0.015432098765432098 0.023662551440329218
0 0.4037422839506173 0.3096707818930041 0.015046296296296295 0.023662551440329218
0 0.4095293209876543 0.39531893004115226 0.018132716049382717 0.025205761316872428
0 0.7035108024691358 0.41538065843621397 0.01427469135802469 0.020061728395061727
0 0.6392746913580247 0.44161522633744854 0.016203703703703703 0.02109053497942387
0 0.6994598765432098 0.46939300411522633 0.016203703703703703 0.020061728395061727
0 0.7845293209876543 0.48302469135802467 0.018132716049382717 0.024691358024691357
0 0.4106867283950617 0.49665637860082307 0.015046296296296295 0.02109053497942387
0 0.45524691358024694 0.5064300411522634 0.016203703703703703 0.025205761316872428
0 0.631412037037037 0.15998456790123455 0.014371141975308642 0.01684670781893004
0 0.631809413580247 0.14757201646090534 0.012523148148148148 0.014218106995884773