0 0.27334104938271603 0.5285493827160493 0.015817901234567902 0.025205761316872428
0 0.3074845679012346 0.5488683127572016 0.016203703703703703 0.01954732510288066
0 0.2943672839506173 0.5825617283950617 0.013888888888888888 0.02417695473251029
0 0.7764274691358025 0.5897633744855967 0.017361111111111112 0.01800411522633745
0 0.7235725308641975 0.6057098765432098 0.015817901234567902 0.02417695473251029
0 0.5017361111111112 0.7013888888888888 0.021219135802469136 0.029320987654320986
0 0.7444058641975309 0.7029320987654321 0.015817901234567902 0.02417695473251029
0 0.5196759259259259 0.7250514403292181 0.016203703703703703 0.01903292181069959
0 0.3755787037037037 0.7337962962962963 0.017361111111111112 0.023148148148148147
0 0.6035879629629629 0.7934670781893004 0.013503086419753086 0.01903292181069959
0 0.4573688271604938 0.8104423868312757 0.01890432098765432 0.03137860082304527
0 0.5212191358024691 0.8248456790123457 0.019290123456790122 0.028292181069958847
0 0.48842592592592593 0.8256172839506173 0.006172839506172839 0.012345679012345678
0 0.3765432098765432 0.2368827160493827 0.020061728395061727 0.026234567901234566
0 0.4963348765432099 0.3101851851851852 0.021219135802469136 0.027777777777777776
0 0.7980324074074074 0.3541666666666667 0.015046296296296295 0.025205761316872428
0 0.5204475308641975 0.36342592592592593 0.015432098765432098 0.023148148148148147
0 0.2690972222222222 0.4742798353909465 0.015046296296296295 0.021604938271604937