0 0.8250385802469136 0.5408950617283951 0.02816358024691358 0.03446502057613169
0 0.5412808641975309 0.6036522633744856 0.030864197530864196 0.03652263374485597
0 0.5920138888888888 0.15560699588477367 0.025848765432098766 0.03960905349794239
0 0.671875 0.24897119341563786 0.024305555555555556 0.030864197530864196
0 0.5310570987654321 0.27391975308641975 0.027391975308641976 0.03755144032921811
0 0.5798611111111112 0.3317901234567901 0.022376543209876542 0.03292181069958848
0 0.7777777777777778 0.34079218106995884 0.029320987654320986 0.035493827160493825
0 0.44290123456790126 0.34439300411522633 0.033179012345679014 0.041666666666666664
0 0.8454861111111112 0.3713991769547325 0.02507716049382716 0.03292181069958848
0 0.7692901234567902 0.4202674897119342 0.03009259259259259 0.04218106995884774
0 0.8331404320987654 0.42592592592592593 0.02816358024691358 0.03189300411522634