0 0.3487654320987654 0.5475823045267489 0.014660493827160493 0.022119341563786008
0 0.7951388888888888 0.5573559670781894 0.010802469135802469 0.01594650205761317
0 0.6739969135802469 0.565843621399177 0.016975308641975308 0.026748971193415638
0 0.7131558641975309 0.5691872427983539 0.021219135802469136 0.027777777777777776
0 0.6298225308641975 0.5779320987654321 0.018132716049382717 0.02417695473251029
0 0.3591820987654321 0.5797325102880658 0.020061728395061727 0.03292181069958848
0 0.5304783950617284 0.6026234567901234 0.023919753086419752 0.028292181069958847
0 0.6467978395061729 0.6095679012345679 0.011959876543209876 0.01748971193415638
0 0.7881944444444444 0.61059670781893 0.013117283950617283 0.01440329218106996
0 0.6541280864197531 0.67309670781893 0.008101851851851851 0.01286008230452675
0 0.7860725308641975 0.6792695473251029 0.019675925925925927 0.02417695473251029
0 0.36400462962962965 0.709619341563786 0.01427469135802469 0.01903292181069959
0 0.6871141975308642 0.7209362139917695 0.017746913580246913 0.025205761316872428
0 0.5667438271604939 0.7286522633744856 0.020061728395061727 0.028292181069958847
0 0.4573688271604938 0.7453703703703703 0.015046296296296295 0.01646090534979424
0 0.5493827160493827 0.7507716049382716 0.013888888888888888 0.02109053497942387
0 0.5115740740740741 0.757201646090535 0.016203703703703703 0.0205761316872428
0 0.4627700617283951 0.7716049382716049 0.015046296296296295 0.023662551440329218
0 0.5501543209876543 0.7998971193415638 0.012345679012345678 0.018518518518518517
0 0.5613425925925926 0.8125 0.018518518518518517 0.02417695473251029
0 0.6217206790123457 0.8641975308641975 0.016589506172839507 0.023662551440329218
0 0.6352237654320988 0.8665123456790124 0.008101851851851851 0.01286008230452675
0 0.5557484567901234 0.13040123456790123 0.011188271604938271 0.014917695473251029
0 0.48977623456790126 0.1404320987654321 0.01427469135802469 0.018518518518518517
0 0.5129243827160493 0.15766460905349794 0.01890432098765432 0.025205761316872428
0 0.6311728395061729 0.16280864197530864 0.016975308641975308 0.023148148148148147
0 0.7359182098765432 0.1712962962962963 0.017361111111111112 0.0205761316872428
0 0.5879629629629629 0.18467078189300412 0.011574074074074073 0.018518518518518517
0 0.6334876543209876 0.18621399176954734 0.016975308641975308 0.024691358024691357
0 0.7700617283950617 0.22376543209876543 0.015432098765432098 0.021604938271604937
0 0.714891975308642 0.25771604938271603 0.016203703703703703 0.021604938271604937
0 0.7133487654320988 0.3019547325102881 0.013117283950617283 0.0205761316872428
0 0.7588734567901234 0.31224279835390945 0.010802469135802469 0.01748971193415638
0 0.8097993827160493 0.3333333333333333 0.013888888888888888 0.021604938271604937
0 0.5324074074074074 0.35210905349794236 0.017361111111111112 0.01954732510288066
0 0.7660108024691358 0.39197530864197533 0.019675925925925927 0.024691358024691357
0 0.5895061728395061 0.3924897119341564 0.011574074074074073 0.01646090534979424
0 0.5617283950617284 0.393261316872428 0.018518518518518517 0.023148148148148147
0 0.359375 0.3955761316872428 0.017361111111111112 0.01748971193415638
0 0.5879629629629629 0.40406378600823045 0.014660493827160493 0.013888888888888888
0 0.5842978395061729 0.41795267489711935 0.016589506172839507 0.02109053497942387
0 0.6103395061728395 0.41975308641975306 0.016203703703703703 0.0205761316872428
0 0.5279706790123457 0.42155349794238683 0.01427469135802469 0.01800411522633745
0 0.6695601851851852 0.43852880658436216 0.018132716049382717 0.026234567901234566
0 0.6871141975308642 0.44212962962962965 0.018518518518518517 0.025205761316872428
0 0.5376157407407407 0.463477366255144 0.022376543209876542 0.0257201646090535
0 0.47588734567901236 0.48302469135802467 0.015817901234567902 0.0205761316872428
0 0.8381558641975309 0.48302469135802467 0.013503086419753086 0.01954732510288066
0 0.3011188271604938 0.48405349794238683 0.017361111111111112 0.023662551440329218
0 0.7934027777777778 0.492798353909465 0.017361111111111112 0.024691358024691357
0 0.6277006172839507 0.4984567901234568 0.014660493827160493 0.01954732510288066
0 0.543016975308642 0.5023148148148148 0.013503086419753086 0.01800411522633745
0 0.8190586419753086 0.5036008230452675 0.020061728395061727 0.0257201646090535
0 0.43036265432098764 0.507201646090535 0.023919753086419752 0.02880658436213992
0 0.6784066358024692 0.6834259259259259 0.016300154320987654 0.021527777777777778
0 0.6847762345679013 0.6871862139917696 0.013657407407407406 0.017453703703703704