0 0.7330246913580247 0.5252057613168725 0.013888888888888888 0.01646090534979424
0 0.4567901234567901 0.5470679012345679 0.010802469135802469 0.013888888888888888
0 0.45775462962962965 0.5606995884773662 0.015817901234567902 0.02263374485596708
0 0.5484182098765432 0.5699588477366255 0.018132716049382717 0.027777777777777776
0 0.6390817901234568 0.5787037037037037 0.011959876543209876 0.018518518518518517
0 0.31809413580246915 0.6021090534979424 0.01890432098765432 0.02109053497942387
0 0.6496913580246914 0.6049382716049383 0.015432098765432098 0.023662551440329218
0 0.5206404320987654 0.6180555555555556 0.015046296296296295 0.020061728395061727
0 0.47357253086419754 0.6442901234567902 0.01427469135802469 0.022119341563786008
0 0.7008101851851852 0.6460905349794238 0.011959876543209876 0.01748971193415638
0 0.7673611111111112 0.6756687242798354 0.012345679012345678 0.01903292181069959
0 0.7077546296296297 0.6777263374485597 0.01427469135802469 0.01903292181069959
0 0.45177469135802467 0.6800411522633745 0.011574074074074073 0.01748971193415638
0 0.714891975308642 0.6954732510288066 0.012345679012345678 0.01748971193415638
0 0.4461805555555556 0.7613168724279835 0.016589506172839507 0.023662551440329218
0 0.7282021604938271 0.7880658436213992 0.013503086419753086 0.018518518518518517
0 0.6583719135802469 0.8279320987654321 0.015046296296296295 0.01903292181069959
0 0.6375385802469136 0.8850308641975309 0.013503086419753086 0.01594650205761317
0 0.6201774691358025 0.9012345679012346 0.01273148148148148 0.012345679012345678
0 0.47511574074074076 0.10905349794238683 0.013503086419753086 0.012345679012345678
0 0.5190972222222222 0.1147119341563786 0.013503086419753086 0.01646090534979424
0 0.5021219135802469 0.1527777777777778 0.011959876543209876 0.01440329218106996
0 0.5086805555555556 0.16666666666666666 0.010416666666666666 0.018518518518518517
0 0.6035879629629629 0.1697530864197531 0.011959876543209876 0.01646090534979424
0 0.7353395061728395 0.1831275720164609 0.013117283950617283 0.01646090534979424
0 0.41512345679012347 0.19135802469135801 0.016203703703703703 0.0205761316872428
0 0.48649691358024694 0.209619341563786 0.018518518518518517 0.01903292181069959
0 0.6032021604938271 0.21141975308641975 0.011188271604938271 0.01646090534979424
0 0.7197145061728395 0.2492283950617284 0.015046296296296295 0.02109053497942387
0 0.4693287037037037 0.25540123456790126 0.016589506172839507 0.01903292181069959
0 0.7388117283950617 0.2618312757201646 0.013117283950617283 0.01646090534979424
0 0.5746527777777778 0.2780349794238683 0.01427469135802469 0.02109053497942387
0 0.4079861111111111 0.28858024691358025 0.013503086419753086 0.01954732510288066
0 0.7586805555555556 0.30092592592592593 0.011188271604938271 0.01748971193415638
0 0.6060956790123457 0.3150720164609053 0.011574074074074073 0.01594650205761317
0 0.5127314814814815 0.3191872427983539 0.015432098765432098 0.01903292181069959
0 0.3958333333333333 0.3469650205761317 0.011574074074074073 0.01903292181069959
0 0.5297067901234568 0.35905349794238683 0.010802469135802469 0.018518518518518517
0 0.6280864197530864 0.35982510288065844 0.013888888888888888 0.01903292181069959
0 0.8414351851851852 0.36342592592592593 0.010802469135802469 0.020061728395061727
0 0.4756944444444444 0.38348765432098764 0.016203703703703703 0.01903292181069959
0 0.7285879629629629 0.38348765432098764 0.015046296296296295 0.01800411522633745
0 0.37094907407407407 0.38580246913580246 0.011188271604938271 0.01748971193415638
0 0.8202160493827161 0.39094650205761317 0.013888888888888888 0.01748971193415638
0 0.47337962962962965 0.3917181069958848 0.008487654320987654 0.01286008230452675
0 0.6552854938271605 0.3940329218106996 0.011959876543209876 0.01646090534979424
0 0.6884645061728395 0.41460905349794236 0.011959876543209876 0.01954732510288066
0 0.47685185185185186 0.4338991769547325 0.013117283950617283 0.01594650205761317
0 0.7521219135802469 0.4477880658436214 0.01273148148148148 0.016975308641975308
0 0.8582175925925926 0.44830246913580246 0.009645061728395061 0.02726337448559671
0 0.5607638888888888 0.4567901234567901 0.013503086419753086 0.021604938271604937
0 0.25713734567901236 0.4632201646090535 0.013503086419753086 0.01800411522633745
0 0.7170138888888888 0.4663065843621399 0.01273148148148148 0.01800411522633745
0 0.5846836419753086 0.47788065843621397 0.017361111111111112 0.0205761316872428
0 0.4982638888888889 0.4976851851851852 0.015046296296296295 0.01903292181069959
0 0.736304012345679 0.5015432098765432 0.01273148148148148 0.01748971193415638
0 0.6776620370370371 0.5120884773662552 0.017361111111111112 0.02417695473251029