0 0.8063271604938271 0.5218621399176955 0.015432098765432098 0.02417695473251029
0 0.5127314814814815 0.5272633744855967 0.010802469135802469 0.01748971193415638
0 0.6165123456790124 0.5614711934156379 0.010802469135802469 0.014917695473251029
0 0.8088348765432098 0.5712448559670782 0.01273148148148148 0.01903292181069959
0 0.33449074074074076 0.6044238683127572 0.014660493827160493 0.018518518518518517
0 0.7750771604938271 0.6075102880658436 0.010030864197530864 0.013374485596707819
0 0.3472222222222222 0.6085390946502057 0.013117283950617283 0.01646090534979424
0 0.4112654320987654 0.6172839506172839 0.012345679012345678 0.01646090534979424
0 0.28337191358024694 0.6188271604938271 0.01273148148148148 0.021604938271604937
0 0.5941358024691358 0.6458333333333334 0.015432098765432098 0.022119341563786008
0 0.5401234567901234 0.6520061728395061 0.015432098765432098 0.01800411522633745
0 0.8018904320987654 0.6916152263374485 0.011959876543209876 0.016975308641975308
0 0.32002314814814814 0.7013888888888888 0.01273148148148148 0.014917695473251029
0 0.5416666666666666 0.7674897119341564 0.011574074074074073 0.01748971193415638
0 0.4955632716049383 0.871656378600823 0.01427469135802469 0.016975308641975308
0 0.5846836419753086 0.1741255144032922 0.013503086419753086 0.013888888888888888
0 0.6552854938271605 0.2088477366255144 0.015046296296296295 0.027777777777777776
0 0.535108024691358 0.24022633744855967 0.013888888888888888 0.0205761316872428
0 0.5516975308641975 0.279320987654321 0.015432098765432098 0.0205761316872428
0 0.46064814814814814 0.2862654320987654 0.016203703703703703 0.01800411522633745
0 0.5023148148148148 0.3330761316872428 0.012345679012345678 0.01286008230452675
0 0.3551311728395062 0.3377057613168724 0.011959876543209876 0.013888888888888888
0 0.5123456790123457 0.3397633744855967 0.010030864197530864 0.01286008230452675
0 0.5003858024691358 0.356738683127572 0.013117283950617283 0.016975308641975308
0 0.7436342592592593 0.38477366255144035 0.01273148148148148 0.018518518518518517
0 0.6547067901234568 0.411522633744856 0.013888888888888888 0.01646090534979424
0 0.6807484567901234 0.4184670781893004 0.011959876543209876 0.016975308641975308
0 0.4037422839506173 0.42463991769547327 0.010416666666666666 0.016975308641975308
0 0.6701388888888888 0.42746913580246915 0.011574074074074073 0.01646090534979424
0 0.6323302469135802 0.4441872427983539 0.013888888888888888 0.01903292181069959
0 0.34664351851851855 0.46502057613168724 0.011188271604938271 0.01440329218106996
0 0.4643132716049383 0.4699074074074074 0.011959876543209876 0.01800411522633745
0 0.3128858024691358 0.503858024691358 0.010030864197530864 0.013888888888888888
0 0.7843364197530864 0.5066872427983539 0.013117283950617283 0.0205761316872428
0 0.610829475308642 0.660787037037037 0.011820987654320988 0.01622942386831276
0 0.6049344135802469 0.6688014403292182 0.011882716049382716 0.015164609053497943
0 0.5501658950617284 0.8427726337448559 0.013236882716049383 0.01625514403292181
0 0.5471720679012345 0.8544135802469136 0.017025462962962964 0.018359053497942385