0 0.7391975308641975 0.6306584362139918 0.023148148148148147 0.033950617283950615
0 0.7663966049382716 0.7422839506172839 0.016589506172839507 0.021604938271604937
0 0.49016203703703703 0.76440329218107 0.01890432098765432 0.027777777777777776
0 0.5275848765432098 0.12474279835390946 0.02507716049382716 0.028292181069958847
0 0.5131172839506173 0.14969135802469136 0.018518518518518517 0.024691358024691357
0 0.7104552469135802 0.15534979423868311 0.02044753086419753 0.027777777777777776
0 0.6296296296296297 0.17386831275720166 0.022376543209876542 0.027777777777777776
0 0.6084104938271605 0.21733539094650206 0.023919753086419752 0.028292181069958847
0 0.4390432098765432 0.23328189300411523 0.017746913580246913 0.02109053497942387
0 0.3387345679012346 0.3333333333333333 0.026234567901234566 0.03292181069958848
0 0.7818287037037037 0.48636831275720166 0.021219135802469136 0.028292181069958847