0 0.3551311728395062 0.5264917695473251 0.01427469135802469 0.01903292181069959
0 0.8103780864197531 0.54809670781893 0.010416666666666666 0.01286008230452675
0 0.5023148148148148 0.5534979423868313 0.013117283950617283 0.015432098765432098
0 0.4261188271604938 0.5588991769547325 0.016589506172839507 0.020061728395061727
0 0.8134645061728395 0.5604423868312757 0.018132716049382717 0.023148148148148147
0 0.5169753086419753 0.6103395061728395 0.018518518518518517 0.026234567901234566
0 0.8285108024691358 0.6203703703703703 0.01427469135802469 0.01646090534979424
0 0.42997685185185186 0.6242283950617284 0.01273148148148148 0.01800411522633745
0 0.6871141975308642 0.6342592592592593 0.011574074074074073 0.015432098765432098
0 0.5366512345679012 0.6458333333333334 0.013117283950617283 0.01903292181069959
0 0.6936728395061729 0.6478909465020576 0.013117283950617283 0.016975308641975308
0 0.8022762345679012 0.6658950617283951 0.017361111111111112 0.023148148148148147
0 0.6867283950617284 0.6741255144032922 0.013117283950617283 0.016975308641975308
0 0.33564814814814814 0.6813271604938271 0.018518518518518517 0.022119341563786008
0 0.7928240740740741 0.6844135802469136 0.015432098765432098 0.020061728395061727
0 0.8082561728395061 0.6885288065843621 0.013117283950617283 0.01903292181069959
0 0.6925154320987654 0.7124485596707819 0.013888888888888888 0.01646090534979424
0 0.4573688271604938 0.7219650205761317 0.015046296296296295 0.01903292181069959
0 0.49344135802469136 0.7350823045267489 0.015432098765432098 0.021604938271604937
0 0.4330632716049383 0.7456275720164609 0.01890432098765432 0.025205761316872428
0 0.5563271604938271 0.7592592592592593 0.012345679012345678 0.01748971193415638
0 0.5432098765432098 0.7659465020576132 0.017746913580246913 0.02263374485596708
0 0.6101466049382716 0.7811213991769548 0.013503086419753086 0.01903292181069959
0 0.5767746913580247 0.7847222222222222 0.012345679012345678 0.01903292181069959
0 0.6373456790123457 0.7911522633744856 0.014660493827160493 0.01748971193415638
0 0.5657793209876543 0.08410493827160494 0.015817901234567902 0.01903292181069959
0 0.5054012345679012 0.14171810699588477 0.014660493827160493 0.01903292181069959
0 0.5358796296296297 0.22196502057613168 0.016975308641975308 0.026234567901234566
0 0.6192129629629629 0.22196502057613168 0.013117283950617283 0.01800411522633745
0 0.6381172839506173 0.2286522633744856 0.011574074074074073 0.016975308641975308
0 0.5542052469135802 0.2618312757201646 0.013503086419753086 0.0205761316872428
0 0.8051697530864198 0.2741769547325103 0.016975308641975308 0.02417695473251029
0 0.5679012345679012 0.283179012345679 0.011574074074074073 0.01903292181069959
0 0.581983024691358 0.2847222222222222 0.009645061728395061 0.014917695473251029
0 0.4913194444444444 0.2872942386831276 0.018132716049382717 0.026234567901234566
0 0.3910108024691358 0.29218106995884774 0.013503086419753086 0.018518518518518517
0 0.5804398148148148 0.2950102880658436 0.010416666666666666 0.01286008230452675
0 0.6192129629629629 0.31352880658436216 0.016203703703703703 0.02417695473251029
0 0.7064043209876543 0.3243312757201646 0.011574074074074073 0.01800411522633745
0 0.5048225308641975 0.33641975308641975 0.011959876543209876 0.01646090534979424
0 0.5320216049382716 0.34002057613168724 0.015432098765432098 0.0205761316872428
0 0.5941358024691358 0.34156378600823045 0.012345679012345678 0.01646090534979424
0 0.5100308641975309 0.3477366255144033 0.011574074074074073 0.01748971193415638
0 0.8350694444444444 0.3541666666666667 0.017361111111111112 0.023148148148148147
0 0.6903935185185185 0.35468106995884774 0.01273148148148148 0.01903292181069959
0 0.5380015432098766 0.3698559670781893 0.015046296296296295 0.0205761316872428
0 0.6060956790123457 0.37448559670781895 0.017746913580246913 0.023662551440329218
0 0.40625 0.37474279835390945 0.014660493827160493 0.01903292181069959
0 0.8024691358024691 0.3775720164609053 0.018518518518518517 0.026748971193415638
0 0.4461805555555556 0.38837448559670784 0.01273148148148148 0.018518518518518517
0 0.8466435185185185 0.3984053497942387 0.01273148148148148 0.02109053497942387
0 0.49247685185185186 0.400977366255144 0.01273148148148148 0.016975308641975308
0 0.5908564814814815 0.4074074074074074 0.011959876543209876 0.01748971193415638
0 0.8356481481481481 0.41203703703703703 0.014660493827160493 0.01646090534979424
0 0.2941743827160494 0.4174382716049383 0.022762345679012346 0.032407407407407406
0 0.5028935185185185 0.4182098765432099 0.015046296296296295 0.0205761316872428
0 0.8584104938271605 0.4236111111111111 0.011574074074074073 0.01903292181069959
0 0.35802469135802467 0.4269547325102881 0.013888888888888888 0.0205761316872428
0 0.8223379629629629 0.45781893004115226 0.010416666666666666 0.013374485596707819
0 0.6222993827160493 0.4611625514403292 0.011574074074074073 0.016975308641975308
0 0.2663966049382716 0.4691358024691358 0.01273148148148148 0.01954732510288066
0 0.7430555555555556 0.47350823045267487 0.010030864197530864 0.01594650205761317
0 0.8217592592592593 0.4737654320987654 0.012345679012345678 0.01748971193415638
0 0.8497299382716049 0.4758230452674897 0.018132716049382717 0.024691358024691357
0 0.7345679012345679 0.47710905349794236 0.010802469135802469 0.01594650205761317
0 0.7218364197530864 0.4791666666666667 0.014660493827160493 0.023148148148148147
0 0.7552083333333334 0.4827674897119342 0.015817901234567902 0.022119341563786008
0 0.6321373456790124 0.4835390946502058 0.013503086419753086 0.01748971193415638
0 0.685570987654321 0.4853395061728395 0.012345679012345678 0.016975308641975308
0 0.5623070987654321 0.48713991769547327 0.01427469135802469 0.01748971193415638
0 0.7648533950617284 0.5036008230452675 0.015046296296296295 0.0205761316872428
0 0.42650462962962965 0.5108024691358025 0.013503086419753086 0.018518518518518517
0 0.7488310185185185 0.6557921810699588 0.00929783950617284 0.013636831275720166
0 0.7571604938271604 0.6567335390946503 0.011161265432098765 0.016568930041152265
0 0.7673186728395062 0.6769753086419753 0.009575617283950618 0.0161059670781893
0 0.7739544753086419 0.6794187242798354 0.009857253086419753 0.01572530864197531