1 0.5049869587897756 0.13980749219562955 0.023380281690140847 0.02251821019771072
1 0.43209181011997916 0.15622788761706555 0.02810641627543036 0.027211238293444327
1 0.34603025560772044 0.19001040582726325 0.025320813771517996 0.021581685744016647
1 0.32486697965571204 0.17264828303850155 0.024387063119457486 0.02064516129032258
1 0.29637976004173183 0.19441727367325704 0.019697443922796036 0.020556711758584808
1 0.2641836202399583 0.1837148803329865 0.017991653625456443 0.014557752341311134
1 0.2723422013562859 0.22803329864724245 0.020563380281690143 0.018413111342351716
1 0.24379760041731874 0.2295369406867846 0.02014606155451226 0.018844953173777313
1 0.18713093375065207 0.24302289281997919 0.01845070422535211 0.02012486992715921
1 0.26440271257172665 0.2715036420395422 0.021857068335941574 0.019698231009365245
1 0.2210432968179447 0.3119719042663892 0.019295774647887325 0.014989594172736731
1 0.2536671883150756 0.32010405827263266 0.016708398539384457 0.01584287200832466
1 0.24744392279603547 0.3547918834547346 0.02143453312467397 0.02098335067637877
1 0.18798122065727702 0.3590738813735692 0.02357850808555034 0.02012486992715921
1 0.13753260302556075 0.3627159209157128 0.023155972874282733 0.0222684703433923
1 0.11284820031298905 0.39504682622268467 0.020156494522691706 0.018413111342351716
1 0.1748774126238915 0.47919354838709677 0.023995826812728223 0.025691987513007285
1 0.17316118935837246 0.5121696149843913 0.021424100156494524 0.020556711758584808
1 0.21093896713615023 0.535296566077003 0.02055294731351069 0.01712799167533819
1 0.23497652582159623 0.5346514047866805 0.020542514345331248 0.01927159209157128
1 0.25773082942097025 0.5342247658688866 0.0179603547209181 0.018413111342351716
1 0.18153364632237873 0.5541363163371488 0.02356807511737089 0.019698231009365245
1 0.2184507042253521 0.5800468262226847 0.021836202399582682 0.02012486992715921
1 0.26502869066249346 0.6005983350676378 0.01795513823682838 0.017559833506763788
1 0.2648095983307251 0.6192299687825182 0.016666666666666666 0.014557752341311134
1 0.2542931664058425 0.6205150884495318 0.01624413145539906 0.015416233090530697
1 0.2427021387584768 0.6140894901144641 0.018821074595722482 0.017986472424557753
1 0.17926969222743872 0.6533766909469303 0.021142410015649454 0.02022372528616025
1 0.19249347939488784 0.6622840790842872 0.01717266562336985 0.0195681581685744
1 0.2127699530516432 0.6628303850156088 0.017605633802816902 0.018465140478668055
1 0.24273865414710485 0.6619510926118626 0.01803338549817423 0.018028095733610822
1 0.2544183620239958 0.6644797086368367 0.01758998435054773 0.01648803329864724
1 0.26080855503390715 0.685697190426639 0.015821596244131455 0.018465140478668055
1 0.23050599895670318 0.680639958376691 0.018701095461658844 0.015390218522372528
1 0.22565988523735 0.6932830385015609 0.018701095461658844 0.016050988553590013
1 0.2670892018779343 0.7403277835587929 0.022211789254042776 0.0195681581685744
1 0.18158581116327596 0.7203225806451613 0.018716744913928014 0.016050988553590013
1 0.1974543557642149 0.7552757544224766 0.015628586332811684 0.016050988553590013
1 0.19932707355242568 0.7793496357960459 0.018492436098069904 0.018465140478668055
1 0.31756911841418883 0.8398074921956294 0.020897235263432446 0.021982310093652445
1 0.30478873239436616 0.875639958376691 0.020464267083985393 0.018465140478668055
1 0.38282211789254045 0.8320031217481789 0.01738654147104851 0.01648803329864724
1 0.40838810641627543 0.8593756503642039 0.020464267083985393 0.019786680541103017
1 0.39284820031298906 0.8871852237252862 0.019368805425143455 0.0195681581685744
1 0.4102608242044862 0.9119146722164412 0.01760041731872718 0.01890738813735692
1 0.42304121022430885 0.8987252861602497 0.015388628064684403 0.016269510926118627
1 0.4481637976004173 0.9001560874089489 0.018466353677621283 0.019125910509885536
1 0.43968179447052685 0.9155463059313216 0.020010432968179448 0.017809573361082204
1 0.527527386541471 0.894219562955255 0.02465832029212311 0.023522372528616026
1 0.567303077725613 0.9200520291363163 0.02001564945226917 0.02110301768990635
1 0.5992696922274386 0.8907023933402706 0.017819509650495564 0.01648803329864724
1 0.6038967136150235 0.9100468262226846 0.017819509650495564 0.017809573361082204
1 0.6208659363588941 0.8880645161290323 0.01825247782994262 0.02088449531737773
1 0.6074230568596766 0.8603642039542143 0.02045905059989567 0.02088449531737773
1 0.6561241523213354 0.8657492195629553 0.021324986958789777 0.02110301768990635
1 0.6711111111111111 0.9096097814776275 0.019113197704747002 0.017809573361082204
1 0.7165258215962441 0.8699271592091571 0.01868544600938967 0.018028095733610822
1 0.7295252999478351 0.8557440166493236 0.01824204486176317 0.017809573361082204
1 0.7648095983307251 0.8477211238293444 0.019149713093375067 0.017148803329864723
1 0.7959937402190924 0.8348595213319459 0.01847678664580073 0.01693028095733611
1 0.8114188836724048 0.8026534859521333 0.018471570161711005 0.017148803329864723
1 0.8272874282733438 0.7815504682622268 0.018028169014084508 0.016269510926118627
1 0.8368701095461659 0.7598959417273673 0.01824204486176317 0.017809573361082204
1 0.7875065206051122 0.7571436004162331 0.020026082420448617 0.018028095733610822
1 0.7360511215440793 0.7459313215400625 0.01938445487741262 0.01934443288241415
1 0.8333437663015127 0.6698647242455775 0.015602503912363067 0.01451092611862643
1 0.8381950965049556 0.6531581685744016 0.019567031820552947 0.016269510926118627
1 0.8151643192488264 0.6686576482830385 0.017151799687010957 0.017809573361082204
1 0.7728534167970788 0.6707440166493237 0.01804381846635368 0.017148803329864723
1 0.7845331246739697 0.6928407908428721 0.0171622326551904 0.016050988553590013
1 0.7775899843505478 0.6998751300728409 0.014736567553468962 0.013850156087408949
1 0.7920292123109024 0.7026222684703434 0.01721961398017736 0.015390218522372528
1 0.7856338028169014 0.6411758584807492 0.02112676056338028 0.020005202913631635
1 0.7767083985393844 0.624687825182102 0.02003129890453834 0.017809573361082204
1 0.7898226395409493 0.6133662851196671 0.01715701617110068 0.017148803329864723
1 0.784752217005738 0.5762122788761707 0.01804381846635368 0.017585848074921955
1 0.8647626499739176 0.5922632674297607 0.01715701617110068 0.017585848074921955
1 0.8890036515388628 0.5855567117585848 0.016708398539384457 0.01648803329864724
1 0.9199634846113719 0.5872060353798126 0.01868022952529995 0.02022372528616025
1 0.8980386019822639 0.5537877211238293 0.018022952529994783 0.018465140478668055
1 0.8756703182055295 0.5560978147762747 0.015607720396452791 0.014729448491155046
1 0.8787532603025561 0.5432362122788761 0.016489306207616065 0.015390218522372528
1 0.9031090245174752 0.5249895941727367 0.018022952529994783 0.01890738813735692
1 0.9190818988002087 0.5178459937565036 0.019561815336463225 0.0195681581685744
1 0.8535211267605634 0.5226795005202913 0.01936358894105373 0.017809573361082204
1 0.8059207094418362 0.5419198751300728 0.018941053729786127 0.017585848074921955
1 0.8490036515388628 0.48783558792924037 0.016061554512258738 0.01582726326742976
1 0.8808502869066249 0.4959677419354839 0.016708398539384457 0.017148803329864723
1 0.8441575378195096 0.4622216441207076 0.01958789775691184 0.017809573361082204
1 0.8734689619196662 0.4363943808532778 0.015607720396452791 0.01670655567117586
1 0.8657537819509651 0.4324349635796046 0.015174752217005738 0.015390218522372528
1 0.8794157537819509 0.4191363163371488 0.018690662493479393 0.018246618106139437
1 0.8983672404799166 0.43089490114464096 0.021773604590506 0.01934443288241415
1 0.6756546687532603 0.7362278876170656 0.025675534689619195 0.022950052029136317
1 0.6836463223787167 0.7794068678459938 0.021382368283776737 0.019838709677419356
1 0.647772561293688 0.8089750260145682 0.024517475221700575 0.02217481789802289
1 0.6003912363067293 0.8062539021852236 0.02024517475221701 0.018283038501560874
1 0.5781637976004173 0.8037200832466181 0.023369848721961396 0.021784599375650363
1 0.5849869587897757 0.7570395421436004 0.023761085028690662 0.021784599375650363
1 0.5566927490871153 0.7751300728407908 0.021001564945226914 0.01750780437044745
1 0.5459728742827334 0.7706555671175859 0.01983307250912885 0.01945369406867846
1 0.5502608242044861 0.7342819979188345 0.020615545122587377 0.01906347554630593
1 0.5231559728742827 0.7642351716961497 0.020234741784037558 0.01595213319458897
1 0.4946896191966615 0.7457596253902185 0.017125717266562337 0.015561914672216442
1 0.4989775691184142 0.728834547346514 0.016343244653103807 0.01595213319458897
1 0.4892331768388106 0.7167741935483871 0.01868544600938967 0.018283038501560874
1 0.4808450704225352 0.7266961498439126 0.01829942618675013 0.016337148803329864
1 0.4802608242044862 0.7399219562955256 0.014011476264997392 0.015561914672216442
1 0.5046322378716744 0.7035483870967743 0.018288993218570686 0.01750780437044745
1 0.5149713093375066 0.7072424557752341 0.017115284298382893 0.017892819979188346
1 0.5171152842983828 0.6944068678459938 0.018288993218570686 0.017892819979188346
1 0.528226395409494 0.7037460978147763 0.02178925404277517 0.021784599375650363
1 0.5559154929577466 0.7103590010405827 0.020224308815858114 0.02100936524453694
1 0.5621544079290559 0.6866285119667014 0.018659363588941054 0.018673257023933403
1 0.565075639019301 0.6710665972944849 0.023729786124152323 0.020228928199791885
1 0.61226395409494 0.7159989594172738 0.023708920187793428 0.02451092611862643
1 0.6436567553468963 0.6982986472424558 0.023307250912884714 0.023340270551508845
1 0.6723213354199269 0.6461706555671176 0.02134585289514867 0.021784599375650363
1 0.5775586854460094 0.6282726326742976 0.023724569640062598 0.024895941727367327
1 0.5366092853416797 0.6230228928199792 0.024517475221700575 0.023730489073881374
1 0.5108711528429839 0.6383870967741936 0.02219092331768388 0.021784599375650363
1 0.5175065206051122 0.6516129032258065 0.016807511737089203 0.01711758584807492
1 0.506583202921231 0.6523933402705515 0.016729264475743348 0.017892819979188346
1 0.5317370892018779 0.5761446409989593 0.0225717266562337 0.021784599375650363
1 0.514773082942097 0.5738085327783559 0.019848721961398016 0.02256503642039542
1 0.5266666666666666 0.5424921956295526 0.0225717266562337 0.01906347554630593
1 0.5424621804903496 0.5061186264308013 0.020615545122587377 0.024120707596253902
1 0.617433489827856 0.5421227887617066 0.021366718831507564 0.020228928199791885
1 0.44555555555555554 0.5041727367325702 0.02260302556077204 0.02256503642039542
1 0.4246896191966614 0.47149843912591055 0.01988002086593636 0.01711758584807492
1 0.48338028169014086 0.43881893860561916 0.021810119979134065 0.017892819979188346
1 0.4783098591549296 0.4267585848074922 0.018690662493479393 0.017892819979188346
1 0.46076160667709964 0.4043912591050989 0.02337506520605112 0.020619146722164413
1 0.5110693792383934 0.3703485952133194 0.021017214397496087 0.018673257023933403
1 0.500735524256651 0.3557596253902185 0.021413667188315073 0.018283038501560874
1 0.5313458528951487 0.3485639958376691 0.0186697965571205 0.01945369406867846
1 0.557282211789254 0.34292403746097816 0.02138758476786646 0.018283038501560874
1 0.5728794992175275 0.32600416233090534 0.01826812728221179 0.01711758584807492
1 0.579509650495566 0.3382570239334027 0.01761606677099635 0.01750780437044745
1 0.5278351591027648 0.3232778355879293 0.017110067814293164 0.016337148803329864
1 0.6323474178403756 0.31880332986472426 0.0209754825247783 0.01906347554630593
1 0.6719300991131977 0.3121904266389178 0.01900886802295253 0.018283038501560874
1 0.7042983828899322 0.3119979188345473 0.020558163797600417 0.018673257023933403
1 0.6526238914971308 0.34895421436004165 0.01940532081377152 0.018673257023933403
1 0.6013458528951486 0.34623309053069723 0.017475221700573813 0.016337148803329864
1 0.6023265519040167 0.35634755463059314 0.01801251956181534 0.014006243496357961
1 0.590036515388628 0.3579032258064516 0.017480438184663535 0.01245057232049948
1 0.5988158581116327 0.36587408949011446 0.018789775691184143 0.01595213319458897
1 0.6198695878977569 0.3674349635796046 0.01785602503912363 0.01595213319458897
1 0.592962962962963 0.4139229968782518 0.019426186750130414 0.01711758584807492
1 0.573265519040167 0.4368730489073881 0.023724569640062598 0.017892819979188346
1 0.6235732916014607 0.44679500520291365 0.020584246218049034 0.01906347554630593
1 0.6705633802816902 0.49931321540062434 0.021737089201877936 0.01906347554630593
1 0.7159676577986437 0.5041155046826222 0.02289514866979656 0.02249219562955255
1 0.7298643714136672 0.5276118626430801 0.01846113719353156 0.02129032258064516
1 0.7546270213875848 0.5197814776274714 0.019660928534167968 0.023298647242455776
1 0.7870370370370371 0.5065244536940686 0.018440271257172666 0.02008324661810614
1 0.703489827856025 0.4302029136316337 0.022091810119979134 0.021690946930280956
1 0.7626760563380282 0.39304890738813736 0.02045905059989567 0.018074921956295526
1 0.775565988523735 0.37818418314255986 0.018847157016171102 0.015665972944849116
1 0.7689201877934272 0.359105098855359 0.02166927490871153 0.01687304890738814
1 0.7556338028169014 0.3325962539021852 0.02167449139280125 0.01928199791883455
1 0.7475795513823682 0.3149219562955255 0.02087115284298383 0.017674297606659728
1 0.7284507042253522 0.3663371488033299 0.01967136150234742 0.020889698231009366
1 0.7030829420970266 0.3699531737773153 0.022091810119979134 0.01928199791883455
1 0.6827490871152843 0.41353277835587926 0.019285341679707878 0.019682622268470343
1 0.6726864893062076 0.36513007284079085 0.018482003129890453 0.01928199791883455
1 0.7403286384976526 0.2805775234131113 0.0224830464267084 0.02129032258064516
1 0.6517475221700574 0.3681425598335068 0.015268648930620762 0.014864724245577523
1 0.6404747000521648 0.3621175858480749 0.013661971830985916 0.013257023933402706
1 0.6316118935837245 0.3699531737773153 0.012858633281168493 0.013657648283038502
1 0.6273865414710486 0.37798647242455774 0.013265519040166927 0.012856399583766909
1 0.745565988523735 0.2343808532778356 0.02489827856025039 0.02129032258064516
1 0.7902608242044862 0.23799687825182103 0.020046948356807513 0.02369927159209157
1 0.679530516431925 0.18196149843912593 0.02492436098069901 0.023298647242455776
1 0.6690610328638498 0.17232049947970862 0.020897235263432446 0.01847554630593132
1 0.6207407407407408 0.16509365244536942 0.01930620761606677 0.01687304890738814
1 0.6048356807511738 0.15344432882414152 0.018909754825247784 0.01606659729448491
1 0.5969848721961398 0.13717481789802288 0.01850808555033907 0.019682622268470343
1 0.6003912363067293 0.20606139438085327 0.021288471570161713 0.01928199791883455
1 0.5780438184663537 0.17252341311134234 0.01767344809598331 0.016467221644120705
1 0.5695878977569119 0.20003642039542144 0.018482003129890453 0.01606659729448491
1 0.5641523213354199 0.2183142559833507 0.01888888888888889 0.019682622268470343
1 0.5148252477829942 0.22454214360041622 0.02414188836724048 0.021690946930280956
1 0.43828899321857073 0.24341831425598337 0.017668231611893584 0.020889698231009366
1 0.4634585289514867 0.27314255983350677 0.021283255086071987 0.01928199791883455
1 0.4241992696922275 0.3165244536940687 0.018482003129890453 0.01687304890738814
1 0.40487219613980174 0.304474505723205 0.020099113197704747 0.017674297606659728
1 0.3563536776212832 0.32917793964620184 0.015685967657798644 0.014864724245577523
1 0.395811163275952 0.3466545265348595 0.02211267605633803 0.020889698231009366
1 0.40507042253521125 0.37155567117585847 0.01888888888888889 0.01928199791883455
1 0.3766823161189358 0.3623204994797086 0.01608242044861763 0.01687304890738814
1 0.3640010432968179 0.3605098855359001 0.018101199791340637 0.014864724245577523
1 0.347490871152843 0.3524765868886577 0.01649452269170579 0.014864724245577523
1 0.33198748043818466 0.34524973985431845 0.018513302034428795 0.016467221644120705
1 0.3434637454355764 0.37537460978147763 0.020521648408972356 0.017273673257023933
1 0.4209754825247783 0.4032882414151925 0.020897235263432446 0.01687304890738814
1 0.4151382368283777 0.425582726326743 0.01969222743870631 0.016467221644120705
1 0.32189358372456967 0.3147190426638918 0.022488262910798123 0.019682622268470343
1 0.28444966092853413 0.3462539021852237 0.01847678664580073 0.01687304890738814
1 0.30478351591027647 0.3470551508844953 0.016452790818988 0.01687304890738814
1 0.27800730307772564 0.36493236212278873 0.0200886802295253 0.016467221644120705
1 0.29793948878455917 0.3880280957336108 0.01726134585289515 0.01687304890738814
1 0.3116275430359937 0.3771800208116546 0.01967136150234742 0.017674297606659728
1 0.3223004694835681 0.3888293444328824 0.01846113719353156 0.01606659729448491
1 0.3231038080333855 0.4424557752341311 0.01846113719353156 0.019682622268470343
1 0.28907668231611894 0.4290010405827263 0.020485133020344288 0.017674297606659728
1 0.24901408450704227 0.4482778355879293 0.022514345331246736 0.01928199791883455
1 0.4221909233176839 0.7939125910509885 0.021100678142931664 0.019380853277835588
1 0.36283255086071986 0.7881009365244537 0.022420448617631716 0.01722684703433923
1 0.36909233176838807 0.7426690946930281 0.01939488784559207 0.017658688865764827
1 0.34772561293688053 0.7252237252861603 0.020699008868022954 0.018085327783558793
1 0.3865779864371414 0.7159677419354838 0.021549295774647887 0.018517169614984393
1 0.4113980177360459 0.7290998959417273 0.02024517475221701 0.019812695109261185
1 0.4016849243609807 0.7004630593132154 0.02067814293166406 0.02110301768990635
1 0.3701721439749609 0.6970187304890739 0.021554512258737613 0.02023933402705515
1 0.3613249869587898 0.6731165452653486 0.021987480438184662 0.018085327783558793
1 0.4278038601982264 0.6894797086368366 0.022827334376630152 0.021534859521331946
1 0.415717266562337 0.6593340270551509 0.02196661450182577 0.02239334027055151
1 0.4539227960354721 0.6599791883454734 0.02238393322900365 0.022825182101977107
1 0.4636358894105373 0.6472788761706555 0.020224308815858114 0.018085327783558793
1 0.44269692227438706 0.6057180020811654 0.024981742305685967 0.018517169614984393
1 0.42241001564945224 0.5785848074921957 0.01980699008868023 0.02110301768990635
1 0.40384454877412623 0.558777315296566 0.022404799165362546 0.02023933402705515
1 0.3844183620239958 0.6115296566077003 0.023275952008346375 0.019812695109261185
1 0.3865779864371414 0.6250988553590011 0.0198226395409494 0.017658688865764827
1 0.38787167449139276 0.6462018730489074 0.02154407929055816 0.022825182101977107
1 0.3427595200834638 0.6231581685744016 0.01940532081377152 0.01894901144640999
1 0.35829942618675015 0.5839698231009366 0.02112676056338028 0.01722684703433923
1 0.379452269170579 0.5639438085327784 0.01852895148669797 0.016795005202913632
1 0.37707876890975484 0.5493028095733611 0.01809598330725091 0.017658688865764827
1 0.34167970787689095 0.555114464099896 0.017245696400625978 0.01550468262226847
1 0.38053208137715183 0.48513527575442245 0.021549295774647887 0.017658688865764827
1 0.4053573291601461 0.4941779396462018 0.02024517475221701 0.017658688865764827
1 0.35484611371935315 0.5036524453694069 0.01767344809598331 0.01593652445369407
1 0.3373656755346896 0.5053746097814776 0.02156494522691706 0.017658688865764827
1 0.31251956181533647 0.5402601456815818 0.019374021909233177 0.018517169614984393
1 0.28683359415753784 0.5678199791883455 0.02067814293166406 0.019380853277835588
1 0.2885602503912363 0.5988293444328825 0.019812206572769952 0.01593652445369407
1 0.30625978090766826 0.6167013527575442 0.018080333854981742 0.019812695109261185
1 0.6839332290036515 0.8882934443288241 0.01995826812728221 0.013470343392299688
1 0.6859885237350026 0.8975650364203953 0.0174282733437663 0.012528616024973984
1 0.8039697443922796 0.7532570239334027 0.018539384454877413 0.01490114464099896
1 0.8100678142931664 0.762060353798127 0.015315597287428272 0.01713319458896982
1 0.8477308294209702 0.7311446409989594 0.019864371413667186 0.014146722164412071
1 0.8515127803860197 0.7407856399583767 0.016218049034950444 0.013022892819979188
1 0.8332968179447053 0.6803902185223726 0.017626499739175794 0.01313735691987513
1 0.8412102243088158 0.6855567117585849 0.01804381846635368 0.01648803329864724
1 0.8744235785080855 0.6418210197710718 0.017193531559728744 0.017081165452653486
1 0.8830412102243088 0.6358480749219563 0.016770996348461135 0.01701352757544225
1 0.8276890975482525 0.575312174817898 0.0190245174752217 0.014755463059313216
1 0.8319300991131977 0.5835587929240375 0.018393322900365154 0.01586888657648283
1 0.8916953573291602 0.4760718002081165 0.015998956703182056 0.011971904266389178
1 0.8928534167970787 0.48812695109261184 0.017610850286906624 0.013012486992715922
1 0.861810119979134 0.45406347554630594 0.015795513823682838 0.012684703433922997
1 0.8619874804381847 0.44358480749219564 0.014042775169535733 0.00990114464099896
1 0.6612571726656234 0.4036524453694069 0.02059467918622848 0.021805411030176896
1 0.6541888367240479 0.41706035379812695 0.016212832550860718 0.01701352757544225
1 0.6232707355242566 0.4015452653485952 0.01694835680751174 0.017918834547346513
1 0.6122222222222223 0.4067741935483871 0.01564945226917058 0.016212278876170657
1 0.5960511215440794 0.3003590010405827 0.01938967136150235 0.018969823100936523
1 0.6038549817423057 0.3103642039542143 0.01873761085028691 0.0167741935483871
1 0.5477099634846114 0.31786160249739853 0.019238393322900366 0.017986472424557753
1 0.5394627021387586 0.31190426638917795 0.015910276473656754 0.013371488033298648
1 0.5186489306207616 0.3079032258064516 0.016531038080333856 0.018329864724245575
1 0.5084924360980699 0.314261186264308 0.01572248304642671 0.0172684703433923
1 0.4271570161711007 0.29036420395421436 0.018826291079812207 0.01485952133194589
1 0.428622848200313 0.3029188345473465 0.02174752217005738 0.014037460978147762
1 0.4647365675534689 0.24422476586888656 0.018408972352634324 0.019021852237252862
1 0.4760302556077204 0.253054110301769 0.019546165884194052 0.016264308012486992
1 0.3848565466875326 0.3837669094693028 0.01386019822639541 0.014906347554630592
1 0.39041210224308814 0.3754786680541103 0.01671361502347418 0.014531737773152965
1 0.347678664580073 0.4303277835587929 0.020719874804381845 0.01689386056191467
1 0.3462493479394888 0.44456295525494277 0.019770474700052165 0.01751821019771072
1 0.27407929055816377 0.4535483870967742 0.0194679186228482 0.015234131113423519
1 0.2686541471048513 0.46430280957336106 0.01940532081377152 0.016493236212278876
1 0.3610432968179447 0.5382934443288241 0.013776734480959833 0.015197710718002081
1 0.3504955659885237 0.5414568158168575 0.015018257694314032 0.015593132154006243
1 0.296056338028169 0.691321540062435 0.015315597287428272 0.01683142559833507
1 0.28660406885759 0.6971383975026015 0.014773082942097027 0.01707596253902185
1 0.29422013562858634 0.7292767950052029 0.016609285341679707 0.017497398543184186
1 0.2847678664580073 0.7376118626430802 0.016661450182576944 0.018433922996878252
1 0.3610850286906625 0.7589646201873049 0.018826291079812207 0.016977107180020812
1 0.3570161711006781 0.7698751300728408 0.01564945226917058 0.013553590010405828
1 0.39133541992696924 0.7904786680541103 0.01946270213875848 0.016160249739854318
1 0.38967136150234744 0.8041155046826223 0.017433489827856027 0.014219562955254943
1 0.24338028169014084 0.8257648283038501 0.01865414710485133 0.014448491155046825
1 0.24781950965049557 0.8350884495317378 0.014731351069379237 0.015385015608740895
1 0.505508607198748 0.8020915712799167 0.015096504955659886 0.02216961498439126
1 0.5181220657276996 0.7990374609781478 0.015232133541992697 0.02022372528616025
1 0.5861450182576944 0.21090010405827264 0.010599895670318205 0.011742976066597294
1 0.5772404799165363 0.21479188345473466 0.011304121022430882 0.012929240374609782
1 0.3396087636932707 0.14739854318418316 0.019640062597809076 0.0140738813735692
1 0.3413302034428795 0.15853277835587928 0.016416275430359936 0.01196149843912591