1 0.4373016905071522 0.09011067708333333 0.016540962288686605 0.016002604166666667
1 0.4776007802340702 0.05567057291666667 0.020682704811443433 0.016699218749999998
1 0.5328348504551366 0.05984375 0.018563068920676204 0.018092447916666667
1 0.364518855656697 0.06975911458333334 0.01511703511053316 0.014342447916666667
1 0.3855591677503251 0.35900390624999995 0.012067620286085825 0.014778645833333333
1 0.36126137841352407 0.37139322916666667 0.012080624187256176 0.010865885416666667
1 0.35800390117035114 0.4016015625 0.015988296488946684 0.0173828125
1 0.3836085825747724 0.3963802083333334 0.014232769830949284 0.016516927083333334
1 0.4131144343302991 0.4709244791666667 0.01248374512353706 0.011738281250000001
1 0.43133940182054614 0.46831380208333334 0.01333550065019506 0.013476562499999999
1 0.44089076723016907 0.5150390625 0.011599479843953186 0.01216796875
1 0.4426267880364109 0.5585026041666666 0.012464239271781535 0.013040364583333333
1 0.44089076723016907 0.57544921875 0.012464239271781535 0.01216796875
1 0.46215214564369306 0.57849609375 0.012451235370611182 0.01390625
1 0.38751625487646296 0.6073958333333334 0.012496749024707411 0.014342447916666667
1 0.35887516254876467 0.6121744791666667 0.014252275682704813 0.013476562499999999
1 0.3206892067620286 0.5602408854166666 0.014271781534460338 0.01390625
1 0.3206892067620286 0.6236979166666666 0.012535760728218466 0.013040364583333333
1 0.30376462938881665 0.6056575520833333 0.016020806241872562 0.016080729166666665
1 0.2816319895968791 0.61326171875 0.016033810143042913 0.01390625
1 0.446963589076723 0.6997526041666666 0.014200260078023406 0.014778645833333333
1 0.41398569570871263 0.7549544270833333 0.015084525357607282 0.01564453125
1 0.35366710013003905 0.7440885416666667 0.015988296488946684 0.01564453125
1 0.29508452535760726 0.8214518229166666 0.014291287386215865 0.01564453125
1 0.4152860858257478 0.9631445312500001 0.01594928478543563 0.01564453125
1 0.21865409622886867 0.8073242187499999 0.012477243172951886 0.014342447916666667
1 0.2416514954486346 0.8305794270833333 0.014200260078023406 0.0173828125
1 0.07480494148244474 0.660859375 0.013862158647594278 0.014342447916666667
1 0.10908322496749025 0.6126106770833334 0.01124187256176853 0.011738281250000001
1 0.10517555266579974 0.6015299479166667 0.015585175552665798 0.013040364583333333
1 0.059180754226267875 0.5747981770833334 0.01387516254876463 0.011738281250000001
1 0.05961638491547464 0.5056901041666667 0.01387516254876463 0.01521484375
1 0.1852405721716515 0.442890625 0.011625487646293887 0.01390625
1 0.11038361508452536 0.4300651041666667 0.015578673602080624 0.013476562499999999
1 0.14509752925877764 0.39421223958333335 0.014687906371911573 0.01564453125
1 0.04485045513654096 0.4820052083333333 0.012119635890767231 0.014778645833333333
1 0.09626788036410923 0.33379557291666667 0.015123537061118337 0.014778645833333333
1 0.24319245773732118 0.21275390625 0.013803641092327698 0.016080729166666665
1 0.6846358907672302 0.11119140625 0.01517555266579974 0.01705078125
1 0.5915344603381014 0.24760416666666665 0.01488296488946684 0.014212239583333333
1 0.5902925877763329 0.30266927083333334 0.01239921976592978 0.014212239583333333
1 0.6575032509752926 0.4243359375 0.012711313394018205 0.0152734375
1 0.6395968790637191 0.4683854166666667 0.016625487646293888 0.017408854166666664
1 0.7325162548764629 0.41776692708333335 0.013023407022106633 0.014212239583333333
1 0.6250520156046814 0.5669661458333334 0.013797139141742522 0.014212239583333333
1 0.6952795838751625 0.648671875 0.012334200260078023 0.014212239583333333
1 0.750253576072822 0.6010677083333333 0.012301690507152147 0.015631510416666668
1 0.746703511053316 0.5657226562500001 0.013719115734720417 0.015983072916666667
1 0.5823146944083225 0.6934309895833333 0.012756827048114434 0.012786458333333334
1 0.5995188556566969 0.6873958333333333 0.013810143042912873 0.014212239583333333
1 0.6149414824447335 0.75791015625 0.014863459037711312 0.013854166666666667
1 0.702373211963589 0.7412109375 0.013751625487646293 0.0152734375
1 0.6057217165149545 0.82025390625 0.01345253576072822 0.014212239583333333
1 0.7156697009102732 0.8282486979166667 0.008420026007802341 0.010299479166666667
1 0.6399479843953186 0.88046875 0.012366710013003901 0.012434895833333334
1 0.6094473342002601 0.9133268229166666 0.010968790637191158 0.0113671875
1 0.751885565669701 0.7932552083333334 0.013433029908972691 0.012076822916666667
1 0.7924902470741222 0.78650390625 0.013764629388816646 0.01349609375
1 0.780260078023407 0.5921875 0.012711313394018205 0.012076822916666667
1 0.8490637191157346 0.41509765625 0.013374512353706113 0.013854166666666667
1 0.8018920676202861 0.277265625 0.014115734720416126 0.012434895833333334
1 0.5386931079323797 0.36855468750000003 0.012327698309492848 0.013164062499999999
1 0.48594278283485043 0.5272395833333333 0.012724317295188557 0.012428385416666667
1 0.4974382314694408 0.5508203125 0.013081924577373213 0.012799479166666667
1 0.5056566970091028 0.562890625 0.011983094928478544 0.013528645833333333
1 0.5598374512353705 0.7958463541666667 0.012431729518855657 0.012701822916666668
1 0.5405266579973993 0.8136263020833333 0.012444733420026008 0.012311197916666667
1 0.5466384915474642 0.75537109375 0.014024707412223667 0.012942708333333332
1 0.54351755526658 0.7472786458333333 0.010942782834850454 0.011067708333333334