1 0.7963394018205462 0.19403645833333336 0.01652145643693108 0.01606119791666667
1 0.6373472041612483 0.3081184895833333 0.016618985695708712 0.014049479166666665
1 0.6730884265279584 0.3894140625 0.019934980494148245 0.02007161458333333
1 0.5948699609882965 0.37435546875 0.02120936280884265 0.0207421875
1 0.5755006501950585 0.3954361979166667 0.01988296488946684 0.02007161458333333
1 0.5641417425227568 0.42888671875 0.02122886866059818 0.021412760416666666
1 0.5527893368010404 0.5530078125 0.018563068920676204 0.019401041666666667
1 0.43555266579973995 0.4322330729166666 0.016631989596879063 0.01606119791666667
1 0.6750975292587776 0.5536783854166667 0.014596879063719115 0.01672526041666667
1 0.7696228868660598 0.5208919270833333 0.01788036410923277 0.019401041666666667
1 0.7873211963589077 0.719609375 0.017204161248374514 0.01672526041666667
1 0.44389466840052016 0.9430859374999999 0.014603381014304292 0.014049479166666665
1 0.2023211963589077 0.8380403645833333 0.019265279583875163 0.01806640625
1 0.3446423927178153 0.38907552083333335 0.015240572171651496 0.01806640625
1 0.33429128738621583 0.24723307291666666 0.015910273081924577 0.015390625
1 0.3964109232769831 0.22247395833333336 0.017210663198959687 0.01672526041666667
1 0.21771781534460338 0.19169270833333332 0.01665149544863459 0.015390625