1 0.5294993498049415 0.0558203125 0.015767230169050715 0.01453125
1 0.5118595578673603 0.13904947916666668 0.014791937581274383 0.015852864583333334
1 0.4765734720416125 0.13145182291666666 0.016788036410923277 0.016516927083333334
1 0.44591027308192455 0.08306640625 0.014167750325097529 0.015520833333333333
1 0.5631404421326398 0.21319661458333336 0.01377113133940182 0.013541666666666667
1 0.5652795838751625 0.22888671875 0.013439531859557869 0.013209635416666666
1 0.5486280884265279 0.24722005208333334 0.015097529258777633 0.01419921875
1 0.5423602080624187 0.32103515625 0.011144343302990897 0.011888020833333334
1 0.5600065019505851 0.32516276041666664 0.012119635890767231 0.013541666666666667
1 0.5540702210663199 0.3477864583333334 0.012126137841352405 0.012552083333333333
1 0.5285110533159948 0.3852734375 0.011150845253576071 0.013541666666666667
1 0.5619830949284785 0.38990234375 0.013439531859557869 0.014863281249999999
1 0.5532444733420026 0.4212760416666667 0.013114434330299091 0.014863281249999999
1 0.538075422626788 0.47676432291666665 0.013127438231469443 0.013541666666666667
1 0.5374187256176852 0.4891471354166667 0.011807542262678803 0.011888020833333334
1 0.5082314694408322 0.49410156250000004 0.011495448634590377 0.011888020833333334
1 0.485481144343303 0.53505859375 0.014148244473342004 0.013873697916666665
1 0.5740182054616385 0.5765104166666667 0.012444733420026008 0.010898437499999998
1 0.6025422626788036 0.5558658854166666 0.010773732119635891 0.01056640625
1 0.6057087126137841 0.5010416666666667 0.013803641092327698 0.013209635416666666
1 0.6220286085825747 0.48353515625000004 0.01346553966189857 0.013873697916666665
1 0.5976267880364109 0.4224348958333333 0.01347854356306892 0.013209635416666666
1 0.6337321196358907 0.41169921875 0.01247074122236671 0.013541666666666667
1 0.6767685305591676 0.4290364583333333 0.014752925877763329 0.016516927083333334
1 0.6253250975292588 0.3963411458333333 0.012802340702210663 0.013209635416666666
1 0.6294473342002601 0.37619140625 0.01247074122236671 0.011888020833333334
1 0.6406631989596879 0.3861002604166666 0.011144343302990897 0.013209635416666666
1 0.6451105331599479 0.332265625 0.009492847854356307 0.01056640625
1 0.6395058517555267 0.3121158854166667 0.012132639791937582 0.013873697916666665
1 0.6281274382314694 0.2937890625 0.015110533159947983 0.014863281249999999
1 0.6747919375812743 0.25580729166666666 0.014089726918075423 0.015520833333333333
1 0.7001820546163849 0.2936197916666667 0.013413524057217165 0.01453125
1 0.613146944083225 0.15490234375 0.013511053315994798 0.0151953125
1 0.6904746423927178 0.20411458333333332 0.01247074122236671 0.01453125
1 0.7351560468140442 0.19619140625 0.016736020806241873 0.016516927083333334
1 0.7496618985695709 0.16001953124999999 0.014746423927178154 0.015520833333333333
1 0.6423211963589076 0.08125 0.015123537061118337 0.01453125
1 0.3421976592977893 0.09784505208333333 0.017061118335500648 0.015865885416666666
1 0.4121586475942783 0.11735026041666667 0.015695708712613783 0.0178515625
1 0.28363459037711314 0.14044921875 0.013816644993498049 0.01478515625
1 0.32355006501950584 0.19174479166666666 0.012886866059817946 0.012975260416666667
1 0.35322496749024707 0.18873046875 0.013166449934980494 0.01598958333333333
1 0.36813394018205464 0.17167968749999998 0.015266579973992198 0.015690104166666666
1 0.28559817945383614 0.27139973958333335 0.014713914174252276 0.014179687500000001
1 0.2500520156046814 0.2949348958333333 0.012327698309492848 0.013580729166666666
1 0.3325877763328999 0.30126953125 0.015292587776332899 0.017200520833333333
1 0.3414759427828349 0.35708984375 0.013777633289986997 0.011764322916666667
1 0.3814304291287386 0.29041015625 0.013530559167750325 0.014179687500000001
1 0.3940767230169051 0.32888020833333337 0.015325097529258778 0.014485677083333334
1 0.474960988296489 0.26838541666666665 0.01317295188556567 0.012975260416666667
1 0.49336150845253574 0.25555989583333333 0.013198959687906372 0.015690104166666666
1 0.4804031209362809 0.3423046875 0.012607282184655398 0.014179687500000001
1 0.46564369310793235 0.36945963541666665 0.011410923276983096 0.013580729166666666
1 0.44636540962288684 0.37820963541666663 0.012626788036410925 0.011764322916666667
1 0.45691157347204164 0.38922526041666666 0.013224967490247075 0.012669270833333334
1 0.45374512353706115 0.40868489583333334 0.01352405721716515 0.012975260416666667
1 0.44139791937581274 0.43327473958333335 0.012932379713914175 0.012669270833333334
1 0.45706111833550067 0.4547005208333333 0.011716514954486345 0.0120703125
1 0.45344603381014303 0.48954427083333335 0.011716514954486345 0.011764322916666667
1 0.45479843953185956 0.5511002604166667 0.012022106631989595 0.012975260416666667
1 0.4241937581274382 0.44776041666666666 0.009863459037711313 0.010260416666666666
1 0.40130039011703517 0.46631510416666666 0.013491547464239272 0.012369791666666666
1 0.4113914174252276 0.48486979166666666 0.011378413524057216 0.01146484375
1 0.42675552665799743 0.5228841145833333 0.01137191157347204 0.01146484375
1 0.41425227568270484 0.5274153645833334 0.010474642392717814 0.010859375
1 0.38578673602080626 0.53208984375 0.011391417425227568 0.012369791666666666
1 0.3725292587776333 0.5511002604166667 0.012607282184655398 0.012975260416666667
1 0.3416514954486346 0.5289192708333333 0.012925877763328998 0.0120703125
1 0.4263003901170351 0.5873046875 0.011671001300390116 0.012975260416666667
1 0.41124187256176853 0.6265299479166667 0.012886866059817946 0.013580729166666666
1 0.3787061118335501 0.6265299479166667 0.012301690507152147 0.012369791666666666
1 0.35762028608582574 0.6161197916666666 0.006287386215864759 0.006640625
1 0.3407477243172952 0.6103841145833333 0.012327698309492848 0.0120703125
1 0.33788686605981794 0.5986197916666667 0.007808842652795839 0.009049479166666667
1 0.3155721716514955 0.5806705729166667 0.01258777633289987 0.012975260416666667
1 0.2798699609882965 0.5986197916666667 0.012912873862158647 0.013274739583333334
1 0.26586475942782833 0.6007291666666666 0.012620286085825747 0.012669270833333334
1 0.31180104031209366 0.6230598958333333 0.011085825747724317 0.0120703125
1 0.308185955786736 0.6472005208333333 0.01229518855656697 0.014485677083333334
1 0.2708322496749025 0.65021484375 0.011710013003901171 0.013274739583333334
1 0.14880364109232772 0.6171744791666667 0.012932379713914175 0.013580729166666666
1 0.21628088426527958 0.6057096354166667 0.011085825747724317 0.012369791666666666
1 0.22426527958387518 0.6382942708333333 0.011378413524057216 0.011764322916666667
1 0.16100130039011704 0.7176497395833333 0.014434330299089726 0.015390625
1 0.21266579973992197 0.78916015625 0.01289336801040312 0.012975260416666667
1 0.25724967490247075 0.7795052083333333 0.012262678803641092 0.013580729166666666
1 0.2179583875162549 0.7001497395833334 0.012022106631989595 0.012975260416666667
1 0.23753576072821844 0.6998502604166666 0.012009102730819244 0.012975260416666667
1 0.2809167750325098 0.7773893229166666 0.013185955786736021 0.012369791666666666
1 0.2958257477243173 0.7884049479166667 0.01046814044213264 0.010859375
1 0.3096814044213264 0.791875 0.009252275682704812 0.010559895833333333
1 0.24039661898569573 0.8508593750000001 0.015318595578673601 0.013274739583333334
1 0.3253446033810143 0.8105794270833333 0.008042912873862159 0.00935546875
1 0.3429973992197659 0.83728515625 0.013205461638491546 0.013274739583333334
1 0.37402470741222366 0.8606640625 0.013185955786736021 0.01478515625
1 0.45947334200260076 0.6395052083333334 0.012925877763328998 0.012369791666666666
1 0.47664499349804945 0.63376953125 0.012912873862158647 0.013580729166666666
1 0.47814694408322495 0.6063151041666667 0.009902470741222366 0.011764322916666667
1 0.496371911573472 0.6096354166666667 0.011996098829648895 0.014179687500000001
1 0.5441222366710013 0.6096354166666667 0.011664499349804942 0.012975260416666667
1 0.5129388816644993 0.7199153645833333 0.013192457737321197 0.016295572916666667
1 0.5448699609882964 0.7232291666666667 0.014375812743823147 0.013880208333333333
1 0.5600845253576072 0.7292643229166668 0.012262678803641092 0.014485677083333334
1 0.538998699609883 0.7938346354166667 0.014681404421326396 0.015690104166666666
1 0.5576723016905072 0.7930794270833333 0.012867360208062418 0.01478515625
1 0.4341677503250975 0.7816145833333333 0.014746423927178154 0.017200520833333333
1 0.4180234070221066 0.7164453125 0.015611183355006502 0.015390625
1 0.44498699609882963 0.6981901041666667 0.013485045513654096 0.013880208333333333
1 0.4049219765929779 0.7580794270833334 0.013511053315994798 0.014179687500000001
1 0.8374577373211963 0.5354296875 0.018524057217165147 0.018033854166666665
1 0.7607607282184655 0.548125 0.017236671001300392 0.019375
1 0.803777633289987 0.5634895833333333 0.016540962288686605 0.016699218749999998
1 0.8294538361508453 0.5982291666666667 0.018530559167750326 0.019375
1 0.8197854356306892 0.6319661458333333 0.01786736020806242 0.0200390625
1 0.8210663198959688 0.64572265625 0.011866059817945383 0.013359375
1 0.8271196358907672 0.66001953125 0.012529258777633289 0.014694010416666667
1 0.8424642392717816 0.7385156249999999 0.015188556566970091 0.018033854166666665
1 0.7844343302990897 0.682734375 0.016553966189856956 0.017369791666666665
1 0.7694278283485046 0.65935546875 0.017230169050715213 0.014694010416666667
1 0.7497529258777632 0.6870768229166666 0.016573472041612483 0.015364583333333334
1 0.7524187256176853 0.7361783854166667 0.016573472041612483 0.016035156249999998
1 0.721742522756827 0.7472005208333333 0.019258777633289988 0.016699218749999998
1 0.724739921976593 0.8069921875 0.01592327698309493 0.017369791666666665
1 0.6733875162548765 0.73150390625 0.014622886866059817 0.014694010416666667
1 0.7044018205461637 0.66001953125 0.017938881664499348 0.017369791666666665
1 0.7414174252275683 0.6008984375 0.013244473342002601 0.0126953125
1 0.7934395318595578 0.6025716145833333 0.010546163849154746 0.012024739583333333
1 0.8317815344603381 0.47230468750000004 0.01784785435630689 0.018704427083333332
1 0.6973927178153445 0.47931640625 0.014596879063719115 0.016699218749999998
1 0.7254031209362809 0.48666666666666664 0.011911573472041612 0.016699218749999998
1 0.7204031209362809 0.5137239583333334 0.01524707412223667 0.016035156249999998
1 0.738075422626788 0.5300911458333334 0.0159037711313394 0.014029947916666667
1 0.6314759427828349 0.5355403645833333 0.013836150845253577 0.011770833333333333
1 0.6339726918075422 0.5453515624999999 0.01241222366710013 0.011412760416666667
1 0.6551625487646294 0.5471354166666667 0.011332899869960987 0.01212890625
1 0.6439401820546163 0.6113346354166667 0.012405721716514953 0.012838541666666667
1 0.6313003901170351 0.6165039062500001 0.010637191157347204 0.012480468750000001
1 0.6263133940182054 0.6239973958333334 0.009213263979193758 0.010345052083333334
1 0.6341482444733421 0.6286328125 0.011345903771131339 0.011770833333333333
1 0.6555136540962289 0.6386197916666666 0.01346553966189857 0.011770833333333333
1 0.6724317295188557 0.6195377604166666 0.010253576072821846 0.010703125
1 0.6941547464239272 0.60134765625 0.013088426527958387 0.01212890625
1 0.7092847854356308 0.6052734375000001 0.012724317295188557 0.014264322916666667
1 0.6161703511053316 0.71326171875 0.011827048114434332 0.012402343750000001
1 0.6304811443433029 0.7175195312499999 0.011560468140442133 0.011627604166666666
1 0.5963068920676203 0.7287565104166666 0.012867360208062418 0.010852864583333335
1 0.6026267880364109 0.7657031249999999 0.010546163849154746 0.012916666666666667
1 0.6491807542262679 0.74361328125 0.010260078023407022 0.011627604166666666
1 0.588185955786736 0.7738411458333333 0.012613784135240572 0.012141927083333332
1 0.6273862158647594 0.8363541666666667 0.012594278283485047 0.013691406250000001
1 0.6139791937581274 0.8659309895833333 0.013114434330299091 0.013430989583333332
1 0.5867685305591678 0.88763671875 0.013387516254876462 0.012402343750000001
1 0.7670481144343303 0.29809895833333333 0.017145643693107934 0.01606119791666667
1 0.7548179453836151 0.3435872395833333 0.01476592977893368 0.01607421875
1 0.835481144343303 0.294765625 0.014772431729518854 0.015670572916666667
1 0.8797139141742523 0.4201171875 0.015123537061118337 0.0151953125
1 0.9467295188556567 0.43585286458333333 0.01327698309492848 0.013391927083333333
1 0.9557607282184656 0.47583984375 0.012548764629388818 0.0123046875
1 0.9534135240572171 0.5335546875 0.015078023407022108 0.015559895833333332
1 0.8056827048114436 0.6445442708333333 0.012886866059817946 0.013229166666666667
1 0.7227958387516256 0.8469140624999999 0.014362808842652796 0.013867187500000001
1 0.7625747724317294 0.8488867187500001 0.012321196358907672 0.012180989583333334
1 0.7521001300390117 0.8823372395833333 0.008211963589076724 0.006373697916666666
1 0.8014954486345904 0.8617252604166666 0.012301690507152147 0.011992187500000001
1 0.19842652795838753 0.8645768229166667 0.012503250975292588 0.0130859375
1 0.21214564369310793 0.8698111979166666 0.011710013003901171 0.011516927083333335
1 0.15453836150845254 0.8166861979166667 0.013576072821846554 0.01255859375
1 0.1185890767230169 0.7753450520833334 0.012243172951885565 0.013606770833333332
1 0.12982444733420026 0.6770833333333334 0.013283485045513655 0.012819010416666667
1 0.12055266579973992 0.6719791666666667 0.011462938881664499 0.010989583333333332
1 0.09729518855656696 0.6740755208333334 0.013042912873862158 0.012037760416666666
1 0.09154746423927179 0.6540559895833333 0.01200260078023407 0.011250000000000001
1 0.18248374512353707 0.53015625 0.01406371911573472 0.01255859375
1 0.17333550065019504 0.5020247395833334 0.01093628088426528 0.012298177083333334
1 0.1272561768530559 0.42974609375 0.012509752925877762 0.013079427083333333
1 0.09185305591677503 0.39103515625 0.01339401820546164 0.012727864583333333
1 0.09009102730819246 0.36646484375 0.012334200260078023 0.014140624999999999
1 0.13713914174252276 0.32509765625000003 0.012860858257477244 0.012018229166666667
1 0.19019505851755525 0.31077473958333335 0.011631989596879064 0.011315104166666666
1 0.27191807542262675 0.48090494791666666 0.014089726918075423 0.014388020833333334
1 0.3255266579973992 0.4619270833333333 0.014798439531859558 0.014635416666666666
1 0.08004551365409623 0.5015559895833334 0.01260078023407022 0.0130078125
1 0.06305591677503251 0.5140299479166667 0.014921976592977892 0.014075520833333334
1 0.10934330299089726 0.28240234375 0.013667100130039012 0.013958333333333335
1 0.19715864759427829 0.25244791666666666 0.013361508452535762 0.013958333333333335
1 0.4397529258777633 0.8123372395833334 0.012880364109232769 0.012226562500000001
1 0.439590377113134 0.80310546875 0.01063068920676203 0.009856770833333334
1 0.31944733420026006 0.8177734375 0.011293888166449936 0.01009765625
1 0.3138816644993498 0.8241927083333334 0.011905071521456437 0.012115885416666666
1 0.22713914174252275 0.7527864583333334 0.009557867360208062 0.012884114583333333
1 0.22072821846553967 0.7512565104166667 0.00811443433029909 0.01146484375
1 0.2793368010403121 0.7109505208333333 0.010065019505851756 0.00962890625
1 0.27339401820546166 0.7159375 0.009440832249674902 0.010130208333333333
1 0.19236020806241874 0.68833984375 0.010253576072821846 0.013463541666666667
1 0.18304291287386215 0.6873177083333334 0.009687906371911574 0.012109375
1 0.6311638491547464 0.7414518229166666 0.009973992197659298 0.011477864583333332
1 0.625331599479844 0.7367382812500001 0.010344603381014304 0.011477864583333332
1 0.6824642392717816 0.7849023437499999 0.011586475942782835 0.014010416666666666
1 0.6760598179453836 0.7867643229166666 0.007665799739921976 0.01091796875
1 0.5941872561768531 0.5709830729166666 0.011150845253576071 0.010852864583333335
1 0.5968985695708713 0.562265625 0.011209362808842651 0.01068359375
1 0.5908322496749026 0.5627994791666667 0.005026007802340702 0.00580078125
1 0.14352405721716516 0.44705729166666663 0.010227568270481144 0.014654947916666668
1 0.13585175552665799 0.4458919270833333 0.008315994798439532 0.011608072916666665
1 0.10131989596879065 0.40619140625 0.012854356306892068 0.015110677083333334
1 0.09272431729518857 0.41019531249999996 0.01334850455136541 0.014186197916666666
1 0.45583875162548765 0.30111328125 0.012945383615084526 0.015
1 0.4469310793237971 0.29813802083333335 0.009674902470741223 0.010266927083333334
1 0.47754876462938883 0.22567708333333333 0.012938881664499349 0.013359375
1 0.46781534460338103 0.22288411458333335 0.013732119635890768 0.016516927083333334
1 0.9223537061118335 0.4296875 0.010786736020806242 0.012376302083333334
1 0.9158647594278283 0.43315755208333334 0.010786736020806242 0.01064453125