1 0.5802535760728218 0.24888671875 0.016014304291287387 0.016809895833333335
1 0.6538361508452536 0.33033854166666665 0.015968790637191158 0.018098958333333335
1 0.6115604681404422 0.3881966145833333 0.01663849154746424 0.01745442708333333
1 0.5905786736020806 0.4379752604166667 0.022464239271781532 0.022623697916666668
1 0.5395968790637191 0.5840755208333334 0.018621586475942784 0.01745442708333333
1 0.5905786736020806 0.6558333333333334 0.018589076723016906 0.01745442708333333
1 0.6515734720416125 0.6073502604166666 0.014031209362808841 0.014869791666666667
1 0.4220676202860858 0.4386197916666667 0.01599479843953186 0.0200390625
1 0.30330949284785436 0.46544921874999995 0.01735370611183355 0.01939453125
1 0.20321196358907673 0.26020182291666666 0.017295188556566973 0.01875
1 0.45131339401820547 0.8572721354166667 0.020507152145643692 0.01978515625
1 0.4848114434330299 0.8589908854166667 0.02048764629388817 0.01806640625
1 0.7146163849154746 0.8353385416666667 0.017873862158647592 0.01720703125
1 0.7811833550065019 0.60779296875 0.022126137841352405 0.023229166666666665
1 0.8099544863459038 0.7209179687499999 0.01953185955786736 0.01892578125
1 0.7579908972691808 0.8275911458333334 0.016989596879063717 0.01892578125
1 0.7249284785435631 0.8637239583333334 0.01786736020806242 0.02064453125