1 0.60925877763329 0.16340494791666668 0.01618335500650195 0.015045572916666666
1 0.578589076723017 0.22149739583333336 0.016618985695708712 0.017552083333333333
1 0.5850585175552666 0.1274609375 0.010357607282184655 0.009192708333333332
1 0.7372496749024708 0.14069661458333335 0.014213263979193758 0.014055989583333333
1 0.7414109232769831 0.234453125 0.014447334200260077 0.015722656249999998
1 0.7133420026007802 0.3211848958333333 0.015416124837451237 0.016204427083333334
1 0.5649544863459037 0.3051888020833333 0.01635890767230169 0.018294270833333334
1 0.583218465539662 0.3800390625 0.01559817945383615 0.01567708333333333
1 0.5964499349804941 0.39217447916666665 0.01522106631989597 0.013815104166666667
1 0.6406176853055917 0.38451822916666667 0.01407672301690507 0.014186197916666666
1 0.6491937581274383 0.3959049479166667 0.014817945383615083 0.015305989583333334
1 0.683296488946684 0.4031901041666666 0.017405721716514954 0.01567708333333333
1 0.6646618985695709 0.4903580729166667 0.01517555266579974 0.0160546875
1 0.5986866059817946 0.45638671875 0.015962288686605982 0.015305989583333334
1 0.5420351105331599 0.43324218750000004 0.015253576072821847 0.01306640625
1 0.5701755526657997 0.4851302083333333 0.015611183355006502 0.016796875
1 0.5468790637191158 0.48587890624999996 0.014505851755526657 0.015305989583333334
1 0.5472496749024707 0.5379557291666667 0.014505851755526657 0.01567708333333333
1 0.642483745123537 0.5657682291666667 0.01407672301690507 0.015305989583333334
1 0.6562743823146944 0.5704361979166667 0.012574772431729518 0.0126953125
1 0.6380104031209363 0.61486328125 0.01035110533159948 0.011197916666666667
1 0.5323407022106632 0.5612890625 0.014512353706111834 0.014557291666666666
1 0.5986866059817946 0.6757096354166667 0.01447334200260078 0.0134375
1 0.6708127438231469 0.685234375 0.015546163849154747 0.0160546875
1 0.6900065019505852 0.6654427083333333 0.015162548764629389 0.014557291666666666
1 0.6445318595578673 0.7358138020833334 0.01369960988296489 0.01567708333333333
1 0.7099739921976593 0.70501953125 0.01632639791937581 0.015305989583333334
1 0.7179908972691808 0.73451171875 0.012217165149544863 0.013815104166666667
1 0.7532119635890767 0.7078190104166667 0.014804941482444734 0.01642578125
1 0.7843628088426527 0.7059505208333333 0.01447334200260078 0.01567708333333333
1 0.8078413524057217 0.608515625 0.01594928478543563 0.01567708333333333
1 0.751001300390117 0.5935807291666667 0.017106631989596877 0.014934895833333335
1 0.8607672301690507 0.53646484375 0.01517555266579974 0.014934895833333335
1 0.8799869960988297 0.5924609375 0.01632639791937581 0.017174479166666666
1 0.8764499349804942 0.6212044270833333 0.016703511053315995 0.01642578125
1 0.9099934980494148 0.6338997395833333 0.014447334200260077 0.01567708333333333
1 0.9118595578673603 0.6908333333333333 0.01369960988296489 0.013815104166666667
1 0.9554681404421327 0.5674479166666667 0.014421326397919376 0.014186197916666666
1 0.9357087126137841 0.5121940104166667 0.01666449934980494 0.01567708333333333
1 0.8887451235370611 0.4511588541666667 0.01594928478543563 0.0160546875
1 0.6987841352405721 0.42465494791666664 0.015565669700910273 0.016796875
1 0.4975162548764629 0.5963802083333333 0.013355006501950584 0.01306640625
1 0.47919375812743825 0.6144856770833333 0.01559817945383615 0.01567708333333333
1 0.4898179453836151 0.6570442708333334 0.01447334200260078 0.01642578125
1 0.38598829648894667 0.6184049479166667 0.014850455136540963 0.015305989583333334
1 0.3979128738621587 0.54150390625 0.01633289986996099 0.019036458333333332
1 0.47544213263979196 0.53646484375 0.014798439531859558 0.01642578125
1 0.4869960988296489 0.49651692708333334 0.011807542262678803 0.0134375
1 0.49221716514954483 0.48307942708333335 0.013296488946684004 0.014934895833333335
1 0.4674252275682705 0.4481705729166667 0.014427828348504552 0.015305989583333334
1 0.3919375812743823 0.445 0.015565669700910273 0.01642578125
1 0.3956631989596879 0.42241536458333334 0.015565669700910273 0.0160546875
1 0.43182054616384913 0.4028125 0.014791937581274383 0.01567708333333333
1 0.35187256176853055 0.47430338541666667 0.017451235370611183 0.016796875
1 0.3298764629388817 0.5179817708333333 0.018211963589076723 0.018294270833333334
1 0.31161898569570873 0.50603515625 0.013003901170351105 0.015305989583333334
1 0.28065019505851757 0.44667968750000003 0.018179453836150845 0.017545572916666665
1 0.28717165149544865 0.5411263020833333 0.013328998699609884 0.014557291666666666
1 0.2228803641092328 0.5698763020833334 0.01299739921976593 0.01306640625
1 0.20834200260078023 0.525078125 0.014499349804941483 0.014557291666666666
1 0.15966189856957086 0.5127539062500001 0.01482444733420026 0.0160546875
1 0.1438231469440832 0.5584895833333333 0.015208062418725618 0.01642578125
1 0.10486996098829648 0.5786458333333333 0.017841352405721718 0.017916666666666668
1 0.13897919375812745 0.6077669270833334 0.017444733420026007 0.017916666666666668
1 0.1499739921976593 0.61560546875 0.017067620286085827 0.017174479166666666
1 0.13263979193758127 0.6465950520833333 0.016703511053315995 0.01642578125
1 0.13879063719115736 0.6958723958333333 0.01632639791937581 0.01642578125
1 0.21168400520156047 0.6555533854166666 0.016703511053315995 0.01642578125
1 0.2232379713914174 0.6307291666666667 0.013712613784135241 0.013815104166666667
1 0.22118335500650196 0.7003515625 0.018563068920676204 0.017174479166666666
1 0.16956436931079324 0.7783723958333333 0.015240572171651496 0.01567708333333333
1 0.22193107932379713 0.8142122395833334 0.011853055916775032 0.011946614583333334
1 0.2890182054616385 0.8567708333333334 0.014791937581274383 0.017174479166666666
1 0.27094278283485046 0.8890625 0.01517555266579974 0.0160546875
1 0.12042912873862159 0.7756445312500001 0.024466840052015607 0.025572916666666667
1 0.3002145643693108 0.7298046875 0.02096879063719116 0.017395833333333333
1 0.36021456436931076 0.8257421875 0.017776332899869962 0.018450520833333334
1 0.36126788036410923 0.9216796875000001 0.017776332899869962 0.015286458333333334
1 0.36021456436931076 0.9335416666666667 0.014616384915474642 0.01581380208333333
1 0.40889466840052013 0.9438216145833334 0.017217165149544862 0.018450520833333334
1 0.41236020806241874 0.778828125 0.016775032509752926 0.017395833333333333
1 0.5173472041612484 0.8418229166666666 0.01618335500650195 0.018977864583333334
1 0.47866710013003905 0.9480403645833334 0.016736020806241873 0.016341145833333334
1 0.5099804941482445 0.9235286458333333 0.014083224967490248 0.014759114583333335
1 0.52629388816645 0.9198372395833333 0.016176853055916773 0.016868489583333333
1 0.5655266579973992 0.84814453125 0.015669700910273084 0.016868489583333333
1 0.6076332899869961 0.8858333333333334 0.010383615084525358 0.011067708333333334
1 0.6521456436931079 0.8621158854166667 0.017295188556566973 0.02055989583333333
1 0.6537256176853056 0.9293229166666667 0.016241872561768532 0.016868489583333333
1 0.7087256176853056 0.87001953125 0.011469440832249675 0.012122395833333334
1 0.447886866059818 0.7298046875 0.015188556566970091 0.019505208333333333
1 0.39707412223667105 0.7113606770833334 0.0188556566970091 0.018450520833333334
1 0.369187256176853 0.7097786458333334 0.01676853055916775 0.018450520833333334
1 0.3539206762028609 0.6784114583333333 0.016775032509752926 0.014759114583333335
1 0.3523472041612484 0.65943359375 0.013621586475942783 0.014759114583333335
1 0.2738946684005202 0.639140625 0.010442132639791936 0.008958333333333334
1 0.18369960988296488 0.4471875 0.021287386215864762 0.021510416666666667
1 0.10496749024707412 0.46735026041666666 0.01954486345903771 0.018821614583333333
1 0.15596228868660597 0.3875911458333334 0.019512353706111835 0.022402343749999998
1 0.10943433029908972 0.3208268229166667 0.023120936280884265 0.021510416666666667
1 0.057990897269180754 0.3902799479166667 0.018680104031209364 0.020611979166666666
1 0.2727958387516255 0.32530598958333334 0.022262678803641092 0.019713541666666667
1 0.2598179453836151 0.3763932291666667 0.01779583875162549 0.0161328125
1 0.31216514954486346 0.3750455729166667 0.020448634590377112 0.022402343749999998
1 0.32692457737321196 0.3607096354166666 0.02133289986996099 0.018821614583333333
1 0.37568920676202855 0.3562239583333333 0.018621586475942784 0.015234375
1 0.34705461638491547 0.2675065104166667 0.013270481144343304 0.013444010416666666
1 0.5072106631989597 0.3499544270833333 0.018543563068920677 0.018821614583333333
1 0.31395318595578675 0.1953645833333333 0.020448634590377112 0.021510416666666667
1 0.2620546163849155 0.20567057291666668 0.018693107932379716 0.017024739583333334
1 0.2468075422626788 0.18953776041666667 0.02040962288686606 0.020611979166666666
1 0.18238621586475942 0.26212890625 0.022236671001300393 0.022402343749999998
1 0.41895968790637195 0.11742838541666667 0.016235370611183353 0.01826171875
1 0.38941482444733416 0.0900390625 0.01751625487646294 0.016373697916666666
1 0.35452535760728215 0.07146484374999999 0.019421326397919377 0.014479166666666666
1 0.5541157347204161 0.07335286458333333 0.01364109232769831 0.011966145833333332
1 0.8326853055916775 0.19707682291666664 0.014902470741222367 0.013854166666666667
1 0.2223146944083225 0.6424609375 0.00963589076723017 0.013391927083333333
1 0.21348504551365408 0.64271484375 0.011983094928478544 0.015618489583333332
1 0.3034200260078024 0.5273893229166667 0.010721716514954484 0.01283203125
1 0.2977633289986996 0.5326236979166666 0.012041612483745124 0.01251953125
1 0.41197659297789335 0.47222005208333334 0.017236671001300392 0.014967447916666666
1 0.41535110533159947 0.46388671875 0.011664499349804942 0.010214843749999999
1 0.6385630689206762 0.4594856770833333 0.015182054616384916 0.015722656249999998
1 0.6329063719115735 0.4503190104166667 0.015286085825747725 0.013229166666666667